0.0690000000000000
0.0690000000000000
0.0690000000000000
0.0690000000000000
0.0690000000000000
0.0690000000000000
0.0690000000000000
0.0690000000000000
0.0690000000000000
-0.410000000000000
0.0690000000000000
0.0690000000000000
0.0690000000000000
0.0690000000000000
0.0690000000000000
0.0690000000000000
-0.410000000000000
-0.410000000000000
0.0690000000000000
0.0690000000000000
-0.410000000000000
-0.410000000000000
0.0690000000000000
0.0690000000000000
0.0690000000000000
0.0690000000000000
0.0690000000000000
0.0690000000000000
0.0690000000000000
0.0690000000000000
0.0690000000000000
0.0690000000000000
0.0690000000000000
0.0690000000000000
0.0690000000000000
0.0690000000000000
0.0690000000000000
0.0690000000000000
0.0690000000000000
0.0690000000000000
0.0690000000000000
-0.410000000000000
0.0690000000000000
0.0690000000000000
0.0690000000000000
0.0690000000000000
0.0690000000000000
0.0690000000000000
0.0690000000000000
0.0690000000000000
0.0690000000000000
0.0690000000000000
-0.410000000000000
0.0690000000000000
0.0690000000000000
0.0690000000000000
0.0690000000000000
0.0690000000000000
0.0690000000000000
0.0690000000000000
0.0690000000000000
-0.410000000000000
0.0690000000000000
0.0690000000000000
0.0690000000000000
0.0690000000000000
0.0690000000000000
0.0690000000000000
-0.410000000000000
0.0690000000000000
0.0690000000000000
-0.410000000000000
-0.410000000000000
0.0690000000000000
0.0690000000000000
0.0690000000000000
0.0690000000000000
0.0690000000000000
0.0690000000000000
-0.410000000000000
-0.410000000000000
0.0690000000000000
0.0690000000000000
0.0690000000000000
0.0690000000000000
0.0690000000000000
0.0690000000000000
0.0690000000000000
0.0690000000000000
0.0690000000000000
0.0690000000000000
-0.410000000000000
0.0690000000000000
-0.410000000000000
0.0690000000000000
-0.410000000000000
0.0690000000000000
0.0690000000000000
0.0690000000000000
0.0690000000000000
0.0690000000000000
0.0690000000000000
0.0690000000000000
-0.410000000000000
-0.410000000000000
0.0690000000000000
0.0690000000000000
0.0690000000000000
0.0690000000000000
0.0690000000000000
-0.410000000000000
0.0690000000000000
0.0690000000000000
0.0690000000000000
0.0690000000000000
-0.410000000000000
0.0690000000000000
0.0690000000000000
0.0690000000000000
0.0690000000000000
-0.410000000000000
0.0690000000000000
0.0690000000000000
0.0690000000000000
0.0690000000000000
-0.410000000000000
0.0690000000000000
0.0690000000000000
0.0690000000000000
0.0690000000000000
0.0690000000000000
0.0690000000000000
0.0690000000000000
0.0690000000000000
0.0690000000000000
-0.410000000000000
0.0690000000000000
0.0690000000000000
0.0690000000000000
0.0690000000000000
0.0690000000000000
0.0690000000000000
0.0690000000000000
0.0690000000000000
-0.410000000000000
-0.410000000000000
0.0690000000000000
0.0690000000000000
0.0690000000000000
0.0690000000000000
0.0690000000000000
0.0690000000000000
0.0690000000000000
-0.410000000000000
0.0690000000000000
0.0690000000000000
-0.410000000000000
-0.410000000000000
0.0690000000000000
0.0690000000000000
0.0690000000000000
0.0690000000000000
0.0690000000000000
0.0690000000000000
0.0690000000000000
0.0690000000000000
0.0690000000000000
0.0690000000000000
0.0690000000000000
0.0690000000000000
0.0690000000000000
0.0690000000000000
0.0690000000000000
0.0690000000000000
0.0690000000000000
0.0690000000000000
0.0690000000000000
0.0690000000000000
0.0690000000000000
0.0690000000000000
0.0690000000000000
0.0690000000000000
0.0690000000000000
-0.410000000000000
0.0690000000000000
0.0690000000000000
0.0690000000000000
0.0690000000000000
0.0690000000000000
-0.410000000000000
0.0690000000000000
0.0690000000000000
0.0690000000000000
0.0690000000000000
0.0690000000000000
0.0690000000000000
0.0690000000000000
-0.410000000000000
0.0690000000000000
-0.410000000000000
0.0690000000000000
0.0690000000000000
0.0690000000000000
-0.410000000000000
0.0690000000000000
0.0690000000000000
0.0690000000000000
0.0690000000000000
0.0690000000000000
0.0690000000000000
0.0690000000000000
0.0690000000000000
0.0690000000000000
0.0690000000000000
0.0690000000000000
0.0690000000000000
0.0690000000000000
0.0690000000000000
0.0690000000000000
-0.410000000000000
0.0690000000000000
0.0690000000000000
0.0690000000000000
-0.410000000000000
-0.410000000000000
0.0690000000000000
0.0690000000000000
-0.410000000000000
0.0690000000000000
0.0690000000000000
0.0690000000000000
0.0690000000000000
0.0690000000000000
-0.410000000000000
-0.410000000000000
0.0690000000000000
0.0690000000000000
0.0690000000000000
0.0690000000000000
0.0690000000000000
-0.410000000000000
-0.410000000000000
0.0690000000000000
0.547000000000000
0.0690000000000000
-0.410000000000000
-0.410000000000000
0.0690000000000000
0.547000000000000
0.547000000000000
-0.410000000000000
0.0690000000000000
0.547000000000000
0.547000000000000
-0.410000000000000
-0.410000000000000
0.0690000000000000
0.0690000000000000
0.0690000000000000
-0.410000000000000
0.0690000000000000
0.0690000000000000
-0.410000000000000
-0.888000000000000
0.0690000000000000
0.0690000000000000
0.0690000000000000
0.547000000000000
0.0690000000000000
-0.410000000000000
-0.888000000000000
-0.410000000000000
0.0690000000000000
0.0690000000000000
0.547000000000000
0.0690000000000000
-0.888000000000000
-1.84500000000000
-0.888000000000000
0.0690000000000000
0.0690000000000000
0.0690000000000000
-0.410000000000000
0.0690000000000000
0.0690000000000000
-0.410000000000000
-0.888000000000000
-1.36700000000000
0.547000000000000
1.98300000000000
1.02600000000000
-0.410000000000000
0.0690000000000000
0.0690000000000000
-0.888000000000000
0.0690000000000000
1.50400000000000
0.0690000000000000
0.0690000000000000
0.0690000000000000
-0.410000000000000
0.0690000000000000
1.98300000000000
0.547000000000000
-0.888000000000000
-0.888000000000000
-0.888000000000000
-0.410000000000000
0.547000000000000
0.0690000000000000
-1.36700000000000
-2.80200000000000
-1.36700000000000
-0.888000000000000
-0.888000000000000
0.0690000000000000
1.50400000000000
0.547000000000000
-1.84500000000000
-1.84500000000000
-0.888000000000000
0.0690000000000000
2.94000000000000
3.41900000000000
0.547000000000000
-2.80200000000000
0.0690000000000000
1.02600000000000
1.02600000000000
0.547000000000000
2.46100000000000
1.50400000000000
0.547000000000000
0.547000000000000
-0.888000000000000
-1.84500000000000
0.0690000000000000
1.50400000000000
-0.888000000000000
-2.80200000000000
-0.410000000000000
1.02600000000000
-0.888000000000000
-0.410000000000000
1.50400000000000
-0.410000000000000
-1.36700000000000
0.0690000000000000
1.02600000000000
0.547000000000000
-0.410000000000000
-1.84500000000000
-1.84500000000000
-1.36700000000000
-0.410000000000000
0.0690000000000000
1.02600000000000
2.94000000000000
1.50400000000000
-2.80200000000000
-5.67300000000000
-4.71600000000000
-3.28100000000000
1.50400000000000
2.46100000000000
-0.410000000000000
-1.36700000000000
0.0690000000000000
3.41900000000000
5.81100000000000
4.85400000000000
1.50400000000000
-0.410000000000000
1.98300000000000
5.81100000000000
3.41900000000000
-0.888000000000000
-1.84500000000000
0.0690000000000000
-0.888000000000000
-3.28100000000000
-0.410000000000000
0.547000000000000
-0.410000000000000
-2.80200000000000
-2.80200000000000
-3.75900000000000
-4.23800000000000
-1.84500000000000
-0.888000000000000
1.50400000000000
2.46100000000000
2.46100000000000
1.50400000000000
4.37600000000000
4.85400000000000
1.02600000000000
-0.410000000000000
-0.888000000000000
1.50400000000000
1.98300000000000
-0.410000000000000
-3.28100000000000
-5.67300000000000
-5.67300000000000
-5.67300000000000
-2.32400000000000
1.02600000000000
2.94000000000000
1.50400000000000
-2.32400000000000
-3.28100000000000
-2.32400000000000
-1.36700000000000
3.41900000000000
8.20400000000000
7.72500000000000
3.89700000000000
0.547000000000000
0.547000000000000
-0.410000000000000
-1.84500000000000
-0.410000000000000
0.547000000000000
1.02600000000000
0.547000000000000
-0.410000000000000
0.0690000000000000
0.0690000000000000
-0.410000000000000
-1.36700000000000
0.547000000000000
0.547000000000000
0.547000000000000
1.98300000000000
1.02600000000000
-0.410000000000000
-1.84500000000000
-4.23800000000000
-5.67300000000000
-3.28100000000000
-1.84500000000000
-1.84500000000000
-2.32400000000000
-4.23800000000000
-3.75900000000000
-3.28100000000000
-3.75900000000000
-2.80200000000000
-0.410000000000000
-0.888000000000000
-0.410000000000000
0.547000000000000
1.98300000000000
1.98300000000000
1.98300000000000
1.02600000000000
2.94000000000000
6.76800000000000
8.68200000000000
4.85400000000000
1.02600000000000
-1.36700000000000
-2.80200000000000
-0.410000000000000
1.02600000000000
-1.84500000000000
-4.23800000000000
-1.36700000000000
1.02600000000000
1.02600000000000
1.98300000000000
3.41900000000000
-1.36700000000000
-6.15200000000000
-5.19500000000000
-3.28100000000000
-7.10900000000000
-6.63000000000000
-3.28100000000000
0.547000000000000
3.41900000000000
6.76800000000000
5.33300000000000
4.85400000000000
5.33300000000000
4.85400000000000
-1.84500000000000
-5.19500000000000
-3.28100000000000
0.0690000000000000
0.547000000000000
0.0690000000000000
0.0690000000000000
-0.410000000000000
0.547000000000000
3.89700000000000
2.94000000000000
-0.888000000000000
-2.80200000000000
-0.888000000000000
0.547000000000000
0.0690000000000000
-0.410000000000000
0.0690000000000000
0.547000000000000
1.02600000000000
1.50400000000000
1.98300000000000
1.50400000000000
1.98300000000000
-0.888000000000000
-2.80200000000000
-4.23800000000000
-2.80200000000000
-3.28100000000000
-1.36700000000000
1.50400000000000
-0.410000000000000
-3.28100000000000
-7.10900000000000
-8.54400000000000
-7.10900000000000
-5.19500000000000
-2.32400000000000
-1.84500000000000
-2.80200000000000
-1.84500000000000
1.02600000000000
6.29000000000000
9.63900000000000
8.68200000000000
4.85400000000000
2.94000000000000
1.02600000000000
0.547000000000000
-0.410000000000000
-3.75900000000000
-5.19500000000000
-5.19500000000000
-6.15200000000000
-8.54400000000000
-7.10900000000000
-1.84500000000000
1.02600000000000
2.94000000000000
4.37600000000000
7.24700000000000
7.72500000000000
7.72500000000000
7.24700000000000
5.81100000000000
5.33300000000000
6.76800000000000
9.16100000000000
10.1180000000000
8.20400000000000
4.85400000000000
-0.410000000000000
-2.80200000000000
-3.28100000000000
-1.84500000000000
-1.36700000000000
-2.80200000000000
-4.23800000000000
-3.75900000000000
-2.80200000000000
-2.80200000000000
-5.67300000000000
-10.9370000000000
-14.7650000000000
-17.1580000000000
-16.6790000000000
-14.2870000000000
-13.8080000000000
-9.02300000000000
-2.80200000000000
3.89700000000000
6.29000000000000
7.24700000000000
8.20400000000000
8.20400000000000
8.68200000000000
11.0750000000000
12.9890000000000
13.4670000000000
12.9890000000000
15.8600000000000
17.7740000000000
17.7740000000000
13.4670000000000
9.16100000000000
8.20400000000000
6.29000000000000
1.98300000000000
-3.75900000000000
-10.9370000000000
-16.6790000000000
-22.9000000000000
-29.1210000000000
-36.2980000000000
-39.6480000000000
-35.8200000000000
-26.7280000000000
-17.1580000000000
-10.4580000000000
-4.71600000000000
-0.410000000000000
5.81100000000000
11.5530000000000
18.7310000000000
25.9090000000000
30.2150000000000
33.5650000000000
35.0010000000000
32.6080000000000
27.3440000000000
21.1240000000000
17.7740000000000
15.3810000000000
11.5530000000000
4.37600000000000
-3.75900000000000
-7.58700000000000
-2.32400000000000
5.81100000000000
7.72500000000000
2.94000000000000
-3.75900000000000
-8.54400000000000
-14.2870000000000
-20.9860000000000
-28.1640000000000
-36.2980000000000
-43.9550000000000
-48.7400000000000
-51.1320000000000
-46.8260000000000
-38.6910000000000
-26.2490000000000
-10.4580000000000
0.0690000000000000
8.68200000000000
17.2950000000000
20.6450000000000
23.9950000000000
31.1720000000000
40.7430000000000
45.5280000000000
40.2640000000000
30.2150000000000
16.3380000000000
1.50400000000000
-5.19500000000000
-6.63000000000000
-5.67300000000000
-11.4150000000000
-14.2870000000000
-7.58700000000000
0.547000000000000
9.63900000000000
16.8170000000000
19.6880000000000
16.3380000000000
5.81100000000000
-6.15200000000000
-18.1150000000000
-27.6850000000000
-31.0350000000000
-24.8140000000000
-9.98000000000000
8.20400000000000
20.1670000000000
23.5160000000000
25.9090000000000
28.3010000000000
26.3870000000000
19.2100000000000
9.16100000000000
1.98300000000000
-4.23800000000000
-15.2440000000000
-28.6420000000000
-33.9060000000000
-38.2120000000000
-48.2610000000000
-49.6970000000000
-40.1260000000000
-29.1210000000000
-18.5930000000000
-7.10900000000000
5.33300000000000
7.24700000000000
13.4670000000000
23.9950000000000
27.3440000000000
21.1240000000000
10.5960000000000
2.94000000000000
-2.80200000000000
-11.4150000000000
-21.9430000000000
-28.1640000000000
-23.8570000000000
-18.5930000000000
-12.8510000000000
-1.36700000000000
5.33300000000000
6.76800000000000
7.24700000000000
17.2950000000000
23.9950000000000
24.9520000000000
23.9950000000000
21.1240000000000
14.9030000000000
13.4670000000000
10.5960000000000
0.0690000000000000
-3.75900000000000
1.98300000000000
1.98300000000000
-10.9370000000000
-8.54400000000000
12.5100000000000
13.9460000000000
4.85400000000000
5.81100000000000
17.2950000000000
11.0750000000000
9.63900000000000
11.5530000000000
18.7310000000000
18.2530000000000
7.72500000000000
0.547000000000000
-4.71600000000000
-0.410000000000000
9.16100000000000
20.1670000000000
17.2950000000000
12.0320000000000
5.33300000000000
-2.32400000000000
-4.23800000000000
-4.71600000000000
-7.58700000000000
-13.3300000000000
-15.2440000000000
-19.0720000000000
-30.0780000000000
-26.7280000000000
-27.2060000000000
-16.2010000000000
-16.6790000000000
-15.2440000000000
-8.06600000000000
-7.10900000000000
12.5100000000000
19.2100000000000
27.3440000000000
32.6080000000000
33.5650000000000
31.1720000000000
14.4240000000000
13.9460000000000
19.6880000000000
4.37600000000000
-15.2440000000000
-35.3410000000000
-41.5620000000000
-44.9120000000000
-51.1320000000000
-49.2180000000000
-37.7340000000000
-24.8140000000000
-16.2010000000000
-5.67300000000000
11.0750000000000
22.0810000000000
34.0440000000000
42.1780000000000
53.6630000000000
60.8400000000000
55.5770000000000
48.8770000000000
49.8350000000000
38.3500000000000
18.7310000000000
12.5100000000000
4.37600000000000
-17.1580000000000
-40.1260000000000
-46.8260000000000
-40.6050000000000
-49.6970000000000
-56.3960000000000
-54.9600000000000
-48.2610000000000
-37.7340000000000
-31.5130000000000
-21.4640000000000
-17.1580000000000
-17.1580000000000
-12.3730000000000
-19.5500000000000
-24.8140000000000
-11.4150000000000
-4.23800000000000
-0.410000000000000
1.98300000000000
9.16100000000000
14.4240000000000
22.5590000000000
39.7860000000000
54.6200000000000
50.3130000000000
46.4850000000000
35.9580000000000
30.6940000000000
24.4730000000000
19.2100000000000
14.9030000000000
6.76800000000000
16.3380000000000
26.8660000000000
26.3870000000000
17.7740000000000
7.72500000000000
-1.84500000000000
-3.75900000000000
5.81100000000000
10.1180000000000
-6.63000000000000
-26.7280000000000
-27.6850000000000
-24.3350000000000
-24.3350000000000
-24.3350000000000
-32.4700000000000
-39.1690000000000
-38.6910000000000
-29.5990000000000
-26.2490000000000
-28.6420000000000
-28.1640000000000
-31.0350000000000
-55.9170000000000
-76.4940000000000
-79.8430000000000
-84.1500000000000
-94.6770000000000
-110.947000000000
-117.167000000000
-104.247000000000
-99.4620000000000
-92.2850000000000
-59.2670000000000
-17.1580000000000
8.20400000000000
-3.28100000000000
-26.7280000000000
-19.5500000000000
12.0320000000000
33.5650000000000
35.0010000000000
29.2580000000000
25.4300000000000
5.81100000000000
-19.5500000000000
-22.9000000000000
-5.67300000000000
17.2950000000000
19.6880000000000
15.3810000000000
18.2530000000000
17.2950000000000
5.81100000000000
-8.54400000000000
-13.8080000000000
1.98300000000000
12.0320000000000
12.5100000000000
19.6880000000000
40.7430000000000
61.3190000000000
54.6200000000000
58.4480000000000
78.5450000000000
101.993000000000
121.612000000000
144.102000000000
170.420000000000
194.346000000000
209.659000000000
213.008000000000
208.223000000000
196.739000000000
177.598000000000
149.844000000000
120.176000000000
84.2880000000000
57.4910000000000
29.2580000000000
-12.8510000000000
-60.2240000000000
-86.5420000000000
-71.7080000000000
-50.1750000000000
-51.1320000000000
-68.3590000000000
-69.3160000000000
-37.2550000000000
13.4670000000000
31.1720000000000
0.547000000000000
-16.6790000000000
-11.4150000000000
-10.4580000000000
-25.7710000000000
-45.8690000000000
-65.0090000000000
-72.1870000000000
-65.4880000000000
-69.3160000000000
-73.1440000000000
-78.4080000000000
-85.5850000000000
-87.4990000000000
-94.1990000000000
-99.4620000000000
-99.9410000000000
-103.290000000000
-95.1560000000000
-57.3530000000000
-29.5990000000000
-14.7650000000000
-0.888000000000000
11.5530000000000
11.5530000000000
1.98300000000000
-24.8140000000000
-53.0460000000000
-57.8310000000000
-31.5130000000000
8.20400000000000
57.0120000000000
73.7600000000000
44.0920000000000
21.6020000000000
24.4730000000000
16.3380000000000
-10.4580000000000
-54.0030000000000
-90.8490000000000
-110.947000000000
-110.947000000000
-90.3710000000000
-67.8800000000000
-60.7030000000000
-56.8740000000000
-31.0350000000000
13.9460000000000
57.4910000000000
88.1160000000000
96.7290000000000
92.9010000000000
94.3360000000000
97.2080000000000
95.7720000000000
93.8580000000000
92.9010000000000
95.7720000000000
101.514000000000
101.514000000000
87.6370000000000
78.5450000000000
82.3740000000000
87.6370000000000
92.4220000000000
87.1590000000000
63.7110000000000
36.9150000000000
18.7310000000000
9.63900000000000
-1.36700000000000
-15.2440000000000
-26.7280000000000
-31.0350000000000
-32.9490000000000
-32.4700000000000
-29.5990000000000
-30.5560000000000
-35.3410000000000
-34.8630000000000
-36.7770000000000
-42.5190000000000
-50.6540000000000
-64.5310000000000
-79.3650000000000
-93.7200000000000
-105.683000000000
-105.205000000000
-85.5850000000000
-54.9600000000000
-37.2550000000000
-31.9920000000000
-15.2440000000000
8.68200000000000
29.2580000000000
47.4420000000000
63.2330000000000
75.1960000000000
79.9810000000000
79.0240000000000
78.5450000000000
77.5880000000000
79.0240000000000
79.5030000000000
78.0670000000000
76.6310000000000
75.6740000000000
74.2390000000000
71.8460000000000
67.5400000000000
54.6200000000000
38.3500000000000
20.1670000000000
1.50400000000000
-13.8080000000000
-26.2490000000000
-34.8630000000000
-42.0400000000000
-39.6480000000000
-31.5130000000000
-29.1210000000000
-37.2550000000000
-44.9120000000000
-45.8690000000000
-43.9550000000000
-43.9550000000000
-42.5190000000000
-35.3410000000000
-25.7710000000000
-19.0720000000000
-15.2440000000000
-11.8940000000000
-11.4150000000000
-10.4580000000000
-6.63000000000000
-4.71600000000000
-6.15200000000000
-13.3300000000000
-27.2060000000000
-35.3410000000000
-31.9920000000000
-27.2060000000000
-26.2490000000000
-21.4640000000000
-12.3730000000000
-5.67300000000000
-0.888000000000000
2.94000000000000
12.0320000000000
17.2950000000000
15.8600000000000
12.9890000000000
12.5100000000000
12.0320000000000
8.68200000000000
2.94000000000000
-0.888000000000000
-7.10900000000000
-17.1580000000000
-26.7280000000000
-34.8630000000000
-38.2120000000000
-38.6910000000000
-42.0400000000000
-48.2610000000000
-55.9170000000000
-65.0090000000000
-71.7080000000000
-75.5370000000000
-75.0580000000000
-72.1870000000000
-65.9660000000000
-58.3100000000000
-51.6110000000000
-46.3470000000000
-42.9980000000000
-37.2550000000000
-30.5560000000000
-22.4210000000000
-14.2870000000000
-5.19500000000000
3.41900000000000
13.9460000000000
27.3440000000000
41.7000000000000
55.0980000000000
68.4970000000000
76.6310000000000
75.1960000000000
69.4540000000000
66.1040000000000
63.7110000000000
57.4910000000000
54.6200000000000
49.8350000000000
41.2210000000000
32.1290000000000
24.9520000000000
17.2950000000000
9.16100000000000
-0.888000000000000
-10.4580000000000
-17.6360000000000
-21.9430000000000
-25.7710000000000
-28.6420000000000
-31.0350000000000
-30.5560000000000
-28.1640000000000
-29.5990000000000
-29.5990000000000
-21.9430000000000
-18.1150000000000
-19.0720000000000
-20.5070000000000
-23.3780000000000
-30.0780000000000
-41.5620000000000
-47.7830000000000
-44.9120000000000
-41.0830000000000
-40.6050000000000
-36.2980000000000
-32.9490000000000
-31.5130000000000
-28.6420000000000
-26.2490000000000
-17.1580000000000
-2.80200000000000
15.8600000000000
31.1720000000000
38.8290000000000
41.2210000000000
46.4850000000000
49.8350000000000
49.8350000000000
46.9630000000000
38.8290000000000
25.9090000000000
10.5960000000000
1.02600000000000
-1.36700000000000
-8.06600000000000
-18.5930000000000
-25.2920000000000
-25.7710000000000
-24.8140000000000
-26.7280000000000
-31.9920000000000
-33.9060000000000
-28.6420000000000
-16.6790000000000
-3.75900000000000
6.76800000000000
15.3810000000000
23.9950000000000
28.3010000000000
27.3440000000000
31.1720000000000
40.7430000000000
46.4850000000000
48.3990000000000
47.9200000000000
49.3560000000000
53.6630000000000
57.4910000000000
59.8830000000000
61.3190000000000
63.2330000000000
61.3190000000000
54.6200000000000
50.7920000000000
49.8350000000000
45.0490000000000
45.5280000000000
49.8350000000000
50.3130000000000
43.6140000000000
31.6510000000000
14.9030000000000
3.41900000000000
0.547000000000000
6.76800000000000
14.9030000000000
14.9030000000000
12.9890000000000
16.8170000000000
17.7740000000000
12.9890000000000
7.72500000000000
9.16100000000000
13.9460000000000
15.8600000000000
14.4240000000000
10.5960000000000
4.37600000000000
-1.84500000000000
-4.71600000000000
0.0690000000000000
8.20400000000000
9.63900000000000
2.46100000000000
-9.50100000000000
-20.5070000000000
-26.7280000000000
-25.2920000000000
-19.5500000000000
-13.3300000000000
-5.67300000000000
1.98300000000000
8.68200000000000
16.8170000000000
23.5160000000000
29.7370000000000
32.6080000000000
29.2580000000000
28.7800000000000
27.3440000000000
12.5100000000000
-9.02300000000000
-29.5990000000000
-43.9550000000000
-55.4390000000000
-64.5310000000000
-67.4020000000000
-61.1810000000000
-50.6540000000000
-42.5190000000000
-31.0350000000000
-17.1580000000000
-7.58700000000000
-1.84500000000000
3.89700000000000
7.72500000000000
15.8600000000000
23.0380000000000
34.0440000000000
35.4790000000000
31.1720000000000
29.2580000000000
22.5590000000000
12.0320000000000
-3.28100000000000
-14.2870000000000
-20.0290000000000
-26.2490000000000
-28.6420000000000
-26.7280000000000
-23.8570000000000
-17.6360000000000
-3.28100000000000
1.50400000000000
-6.63000000000000
-12.8510000000000
-16.2010000000000
-20.5070000000000
-20.5070000000000
-16.6790000000000
-10.9370000000000
-12.3730000000000
-21.9430000000000
-33.9060000000000
-42.9980000000000
-49.6970000000000
-54.0030000000000
-58.3100000000000
-62.1380000000000
-64.0520000000000
-65.0090000000000
-66.4450000000000
-66.4450000000000
-66.9230000000000
-61.1810000000000
-56.8740000000000
-54.9600000000000
-53.5250000000000
-50.6540000000000
-46.3470000000000
-37.2550000000000
-29.5990000000000
-19.0720000000000
-11.8940000000000
-9.02300000000000
-7.58700000000000
-14.2870000000000
-25.7710000000000
-34.8630000000000
-35.3410000000000
-23.8570000000000
-3.28100000000000
27.3440000000000
58.9260000000000
81.4170000000000
89.5510000000000
77.5880000000000
48.3990000000000
15.8600000000000
-9.50100000000000
-15.2440000000000
15.3810000000000
54.1410000000000
86.2020000000000
95.2940000000000
84.7660000000000
81.4170000000000
85.2450000000000
82.3740000000000
57.4910000000000
26.3870000000000
10.1180000000000
5.81100000000000
1.98300000000000
-3.75900000000000
-3.75900000000000
-3.28100000000000
-17.1580000000000
-34.3840000000000
-43.9550000000000
-48.7400000000000
-45.8690000000000
-40.6050000000000
-23.3780000000000
0.0690000000000000
7.72500000000000
1.02600000000000
2.46100000000000
18.2530000000000
41.2210000000000
63.2330000000000
73.7600000000000
68.9750000000000
47.9200000000000
18.2530000000000
-6.15200000000000
-21.9430000000000
-28.1640000000000
-28.1640000000000
-24.8140000000000
-23.8570000000000
-25.7710000000000
-25.7710000000000
-24.3350000000000
-24.3350000000000
-34.3840000000000
-53.0460000000000
-71.2300000000000
-84.1500000000000
-85.1070000000000
-74.1010000000000
-53.0460000000000
-30.5560000000000
-13.8080000000000
-0.888000000000000
17.2950000000000
39.3070000000000
61.7970000000000
83.3310000000000
99.1220000000000
105.821000000000
106.778000000000
105.821000000000
111.563000000000
123.047000000000
132.618000000000
135.967000000000
134.532000000000
133.096000000000
128.311000000000
114.434000000000
93.3790000000000
67.0610000000000
39.7860000000000
15.3810000000000
-1.36700000000000
-8.54400000000000
-6.15200000000000
-0.410000000000000
4.37600000000000
11.5530000000000
15.8600000000000
17.2950000000000
20.1670000000000
24.4730000000000
24.9520000000000
20.6450000000000
14.9030000000000
13.4670000000000
14.4240000000000
15.3810000000000
11.0750000000000
1.98300000000000
-10.4580000000000
-24.8140000000000
-41.5620000000000
-61.6600000000000
-82.2360000000000
-98.9840000000000
-111.904000000000
-120.996000000000
-122.910000000000
-118.603000000000
-111.425000000000
-106.640000000000
-104.726000000000
-101.376000000000
-95.6340000000000
-87.4990000000000
-75.0580000000000
-58.3100000000000
-36.7770000000000
-13.3300000000000
18.7310000000000
58.9260000000000
89.0730000000000
100.557000000000
101.993000000000
97.2080000000000
81.8950000000000
53.6630000000000
17.2950000000000
-12.8510000000000
-20.0290000000000
-7.10900000000000
-4.23800000000000
-13.8080000000000
-21.9430000000000
-31.5130000000000
-48.2610000000000
-66.4450000000000
-77.9290000000000
-85.1070000000000
-92.7630000000000
-91.3280000000000
-85.1070000000000
-75.5370000000000
-68.8370000000000
-66.9230000000000
-60.7030000000000
-49.2180000000000
-43.4760000000000
-39.6480000000000
-32.9490000000000
-18.1150000000000
-2.80200000000000
2.46100000000000
1.50400000000000
0.0690000000000000
0.0690000000000000
3.89700000000000
13.9460000000000
28.3010000000000
41.2210000000000
50.7920000000000
56.5340000000000
61.3190000000000
64.1900000000000
63.2330000000000
59.4050000000000
52.7060000000000
47.4420000000000
43.1350000000000
35.9580000000000
25.9090000000000
11.5530000000000
-6.63000000000000
-27.6850000000000
-46.8260000000000
-61.1810000000000
-73.1440000000000
-83.1930000000000
-87.9780000000000
-85.1070000000000
-70.2730000000000
-50.1750000000000
-31.9920000000000
-16.6790000000000
-4.23800000000000
3.41900000000000
9.16100000000000
16.8170000000000
26.8660000000000
37.3930000000000
53.6630000000000
74.2390000000000
90.5080000000000
99.1220000000000
101.993000000000
100.079000000000
99.1220000000000
99.1220000000000
98.1650000000000
93.3790000000000
77.1100000000000
56.0550000000000
36.9150000000000
21.1240000000000
4.85400000000000
-10.9370000000000
-19.0720000000000
-17.1580000000000
-13.8080000000000
-19.5500000000000
-29.5990000000000
-34.8630000000000
-37.2550000000000
-39.1690000000000
-38.2120000000000
-33.9060000000000
-24.8140000000000
-18.1150000000000
-9.50100000000000
-0.888000000000000
1.98300000000000
2.46100000000000
5.81100000000000
12.0320000000000
20.6450000000000
24.9520000000000
29.7370000000000
36.4360000000000
36.9150000000000
33.5650000000000
30.6940000000000
35.9580000000000
45.0490000000000
45.5280000000000
40.7430000000000
35.9580000000000
35.0010000000000
35.0010000000000
28.7800000000000
18.2530000000000
8.68200000000000
2.94000000000000
2.46100000000000
9.16100000000000
15.3810000000000
11.0750000000000
0.0690000000000000
-11.8940000000000
-21.4640000000000
-30.0780000000000
-35.3410000000000
-31.9920000000000
-24.8140000000000
-24.8140000000000
-31.0350000000000
-41.0830000000000
-52.0890000000000
-64.0520000000000
-78.4080000000000
-89.4140000000000
-89.8920000000000
-83.1930000000000
-71.2300000000000
-60.7030000000000
-56.8740000000000
-54.0030000000000
-45.8690000000000
-33.9060000000000
-21.4640000000000
-11.8940000000000
-2.80200000000000
9.16100000000000
17.2950000000000
15.3810000000000
3.89700000000000
-9.02300000000000
-12.3730000000000
-3.75900000000000
11.5530000000000
21.6020000000000
21.1240000000000
12.9890000000000
3.89700000000000
-0.888000000000000
8.20400000000000
25.4300000000000
41.7000000000000
51.2700000000000
54.1410000000000
49.8350000000000
46.0060000000000
45.0490000000000
44.0920000000000
38.8290000000000
28.7800000000000
17.2950000000000
7.72500000000000
0.547000000000000
-9.50100000000000
-25.7710000000000
-41.0830000000000
-46.8260000000000
-32.9490000000000
-4.71600000000000
7.72500000000000
3.89700000000000
7.24700000000000
11.0750000000000
9.63900000000000
9.16100000000000
11.5530000000000
16.3380000000000
19.6880000000000
17.2950000000000
13.9460000000000
5.81100000000000
-13.3300000000000
-39.1690000000000
-62.1380000000000
-72.1870000000000
-65.4880000000000
-60.7030000000000
-63.5740000000000
-68.8370000000000
-65.9660000000000
-48.7400000000000
-13.3300000000000
17.2950000000000
24.9520000000000
26.8660000000000
42.1780000000000
65.6260000000000
80.9380000000000
82.8520000000000
76.1530000000000
68.9750000000000
55.0980000000000
35.9580000000000
15.8600000000000
-2.80200000000000
-16.6790000000000
-20.5070000000000
-18.1150000000000
-18.5930000000000
-22.9000000000000
-26.2490000000000
-19.5500000000000
-3.28100000000000
10.5960000000000
13.4670000000000
5.33300000000000
-9.50100000000000
-29.5990000000000
-49.2180000000000
-62.1380000000000
-73.6220000000000
-82.7140000000000
-87.9780000000000
-91.3280000000000
-89.8920000000000
-88.9350000000000
-87.4990000000000
-80.8000000000000
-53.5250000000000
-14.7650000000000
0.0690000000000000
1.02600000000000
16.3380000000000
38.3500000000000
53.6630000000000
61.3190000000000
62.7540000000000
57.0120000000000
41.2210000000000
19.6880000000000
6.29000000000000
8.68200000000000
19.6880000000000
26.3870000000000
25.4300000000000
16.8170000000000
4.85400000000000
-10.4580000000000
-25.7710000000000
-33.4270000000000
-29.5990000000000
-24.3350000000000
-15.2440000000000
-1.36700000000000
11.5530000000000
17.2950000000000
15.3810000000000
14.9030000000000
15.8600000000000
16.3380000000000
12.9890000000000
6.76800000000000
0.0690000000000000
-1.84500000000000
2.46100000000000
9.63900000000000
14.9030000000000
18.2530000000000
21.6020000000000
26.8660000000000
34.5220000000000
41.2210000000000
44.5710000000000
44.0920000000000
41.7000000000000
41.7000000000000
45.0490000000000
46.9630000000000
46.9630000000000
47.9200000000000
47.4420000000000
40.2640000000000
28.7800000000000
15.8600000000000
2.94000000000000
-11.4150000000000
-22.9000000000000
-29.1210000000000
-28.1640000000000
-24.8140000000000
-21.4640000000000
-16.2010000000000
-11.4150000000000
-7.58700000000000
-6.15200000000000
-6.63000000000000
-4.23800000000000
0.547000000000000
6.29000000000000
12.0320000000000
16.3380000000000
18.7310000000000
17.7740000000000
9.16100000000000
-1.36700000000000
-9.02300000000000
-12.8510000000000
-18.1150000000000
-26.7280000000000
-34.8630000000000
-38.2120000000000
-35.8200000000000
-32.9490000000000
-34.3840000000000
-38.2120000000000
-42.9980000000000
-46.3470000000000
-46.3470000000000
-42.5190000000000
-37.2550000000000
-31.9920000000000
-22.9000000000000
-6.15200000000000
12.0320000000000
28.3010000000000
38.8290000000000
41.7000000000000
36.9150000000000
28.3010000000000
23.5160000000000
25.4300000000000
26.8660000000000
27.3440000000000
27.3440000000000
22.5590000000000
12.0320000000000
1.50400000000000
-6.15200000000000
-13.3300000000000
-22.4210000000000
-29.5990000000000
-29.5990000000000
-25.7710000000000
-21.4640000000000
-18.1150000000000
-15.2440000000000
-16.6790000000000
-18.5930000000000
-20.5070000000000
-24.8140000000000
-30.0780000000000
-35.8200000000000
-36.2980000000000
-33.4270000000000
-31.0350000000000
-31.0350000000000
-32.9490000000000
-29.5990000000000
-21.4640000000000
-16.6790000000000
-13.3300000000000
-8.06600000000000
-0.888000000000000
7.24700000000000
14.4240000000000
22.0810000000000
32.1290000000000
41.7000000000000
47.4420000000000
50.7920000000000
51.2700000000000
51.2700000000000
49.8350000000000
45.5280000000000
38.8290000000000
34.5220000000000
31.1720000000000
25.9090000000000
18.7310000000000
9.16100000000000
-3.28100000000000
-17.1580000000000
-28.1640000000000
-31.9920000000000
-28.6420000000000
-18.1150000000000
-4.23800000000000
10.1180000000000
13.4670000000000
11.5530000000000
16.8170000000000
23.0380000000000
24.4730000000000
22.0810000000000
17.7740000000000
12.5100000000000
7.72500000000000
1.50400000000000
-6.63000000000000
-15.2440000000000
-20.5070000000000
-20.0290000000000
-15.7220000000000
-6.63000000000000
8.20400000000000
26.3870000000000
42.6570000000000
51.2700000000000
55.5770000000000
58.4480000000000
58.4480000000000
53.6630000000000
39.3070000000000
17.2950000000000
-2.32400000000000
-14.7650000000000
-22.4210000000000
-30.5560000000000
-38.2120000000000
-40.1260000000000
-37.2550000000000
-31.0350000000000
-27.2060000000000
-24.8140000000000
-25.7710000000000
-29.5990000000000
-31.5130000000000
-27.2060000000000
-24.3350000000000
-28.1640000000000
-33.4270000000000
-37.2550000000000
-40.6050000000000
-42.5190000000000
-44.4330000000000
-47.3040000000000
-52.5680000000000
-54.0030000000000
-46.3470000000000
-29.5990000000000
-13.8080000000000
-6.63000000000000
-0.888000000000000
9.63900000000000
15.8600000000000
17.7740000000000
16.8170000000000
14.4240000000000
9.16100000000000
3.41900000000000
1.50400000000000
5.81100000000000
12.5100000000000
15.3810000000000
17.2950000000000
19.6880000000000
21.1240000000000
23.0380000000000
26.8660000000000
32.1290000000000
38.8290000000000
45.5280000000000
53.1840000000000
56.5340000000000
51.7490000000000
41.2210000000000
29.7370000000000
21.6020000000000
14.9030000000000
7.24700000000000
-2.32400000000000
-9.98000000000000
-10.9370000000000
-7.58700000000000
-1.84500000000000
0.0690000000000000
-6.63000000000000
-20.0290000000000
-32.4700000000000
-39.6480000000000
-45.3900000000000
-51.1320000000000
-53.5250000000000
-48.7400000000000
-38.2120000000000
-27.6850000000000
-20.0290000000000
-15.7220000000000
-10.4580000000000
-1.36700000000000
6.29000000000000
12.5100000000000
17.7740000000000
19.2100000000000
17.2950000000000
12.5100000000000
6.29000000000000
1.98300000000000
2.46100000000000
4.85400000000000
7.24700000000000
5.81100000000000
3.41900000000000
4.37600000000000
9.16100000000000
13.9460000000000
17.2950000000000
17.7740000000000
15.3810000000000
8.20400000000000
-0.410000000000000
-11.4150000000000
-21.4640000000000
-26.7280000000000
-26.7280000000000
-30.0780000000000
-32.9490000000000
-33.9060000000000
-34.3840000000000
-38.6910000000000
-40.1260000000000
-33.4270000000000
-22.4210000000000
-13.8080000000000
-5.67300000000000
2.94000000000000
6.76800000000000
2.46100000000000
-6.15200000000000
-6.15200000000000
4.37600000000000
17.7740000000000
23.5160000000000
23.9950000000000
28.7800000000000
35.9580000000000
37.3930000000000
32.1290000000000
25.9090000000000
14.9030000000000
-1.84500000000000
-18.5930000000000
-28.6420000000000
-31.0350000000000
-26.2490000000000
-19.5500000000000
-18.5930000000000
-22.4210000000000
-25.2920000000000
-24.3350000000000
-19.5500000000000
-11.8940000000000
-2.32400000000000
5.33300000000000
11.0750000000000
13.9460000000000
14.4240000000000
16.3380000000000
20.6450000000000
25.9090000000000
29.2580000000000
26.8660000000000
19.2100000000000
11.5530000000000
4.85400000000000
0.0690000000000000
-2.32400000000000
-7.10900000000000
-15.7220000000000
-24.8140000000000
-26.7280000000000
-21.4640000000000
-14.7650000000000
-7.58700000000000
1.02600000000000
11.5530000000000
18.7310000000000
22.0810000000000
21.1240000000000
17.2950000000000
13.4670000000000
11.5530000000000
10.5960000000000
10.1180000000000
9.63900000000000
7.72500000000000
7.72500000000000
8.68200000000000
10.1180000000000
12.0320000000000
13.9460000000000
15.3810000000000
17.7740000000000
18.7310000000000
16.8170000000000
12.5100000000000
7.72500000000000
6.76800000000000
9.63900000000000
12.0320000000000
11.5530000000000
7.72500000000000
4.85400000000000
7.72500000000000
14.9030000000000
21.6020000000000
26.3870000000000
31.1720000000000
35.4790000000000
38.3500000000000
36.9150000000000
32.6080000000000
26.3870000000000
16.3380000000000
5.33300000000000
-2.80200000000000
-4.71600000000000
-6.15200000000000
-12.3730000000000
-20.0290000000000
-26.7280000000000
-31.5130000000000
-32.4700000000000
-31.0350000000000
-28.1640000000000
-24.3350000000000
-20.9860000000000
-20.0290000000000
-19.5500000000000
-16.6790000000000
-12.8510000000000
-11.4150000000000
-10.4580000000000
-7.58700000000000
-3.28100000000000
-2.32400000000000
-5.67300000000000
-13.3300000000000
-21.9430000000000
-30.5560000000000
-37.7340000000000
-39.6480000000000
-36.7770000000000
-31.9920000000000
-28.1640000000000
-27.2060000000000
-25.2920000000000
-21.4640000000000
-18.5930000000000
-15.2440000000000
-13.3300000000000
-10.4580000000000
-5.67300000000000
0.547000000000000
4.37600000000000
7.24700000000000
9.16100000000000
13.4670000000000
17.7740000000000
22.5590000000000
24.4730000000000
23.5160000000000
20.1670000000000
14.9030000000000
10.1180000000000
9.16100000000000
8.20400000000000
4.85400000000000
-0.888000000000000
-4.23800000000000
-6.15200000000000
-8.06600000000000
-9.98000000000000
-9.98000000000000
-9.98000000000000
-8.06600000000000
-4.23800000000000
-0.410000000000000
0.547000000000000
-0.410000000000000
0.547000000000000
1.98300000000000
4.37600000000000
5.81100000000000
4.85400000000000
0.547000000000000
-1.36700000000000
-1.84500000000000
-0.888000000000000
-0.888000000000000
0.0690000000000000
2.94000000000000
6.76800000000000
8.68200000000000
11.0750000000000
14.4240000000000
18.2530000000000
20.6450000000000
21.1240000000000
19.2100000000000
15.3810000000000
10.5960000000000
5.33300000000000
2.46100000000000
-0.410000000000000
0.0690000000000000
1.02600000000000
0.547000000000000
0.0690000000000000
-2.80200000000000
-5.19500000000000
-6.63000000000000
-6.63000000000000
-7.10900000000000
-6.63000000000000
-5.67300000000000
-3.75900000000000
-3.28100000000000
-3.75900000000000
-6.63000000000000
-10.9370000000000
-16.6790000000000
-20.0290000000000
-20.0290000000000
-17.6360000000000
-12.3730000000000
-5.67300000000000
-0.888000000000000
3.89700000000000
7.72500000000000
9.63900000000000
10.1180000000000
13.4670000000000
19.6880000000000
25.4300000000000
26.3870000000000
23.0380000000000
18.7310000000000
14.4240000000000
10.1180000000000
6.76800000000000
2.46100000000000
1.02600000000000
1.98300000000000
5.33300000000000
6.29000000000000
3.41900000000000
-0.888000000000000
-4.71600000000000
-6.15200000000000
-4.71600000000000
-0.410000000000000
2.46100000000000
4.37600000000000
4.85400000000000
5.33300000000000
4.85400000000000
4.37600000000000
3.89700000000000
6.29000000000000
9.63900000000000
12.0320000000000
12.0320000000000
12.5100000000000
13.4670000000000
13.9460000000000
12.9890000000000
12.0320000000000
10.1180000000000
7.24700000000000
1.50400000000000
-2.80200000000000
-6.15200000000000
-8.06600000000000
-6.15200000000000
-2.32400000000000
1.98300000000000
2.46100000000000
-0.888000000000000
-6.15200000000000
-13.3300000000000
-20.9860000000000
-27.6850000000000
-32.4700000000000
-35.8200000000000
-40.1260000000000
-43.9550000000000
-44.4330000000000
-39.1690000000000
-31.5130000000000
-23.3780000000000
-16.2010000000000
-11.4150000000000
-7.58700000000000
-4.71600000000000
-0.410000000000000
4.37600000000000
9.63900000000000
13.4670000000000
15.8600000000000
15.3810000000000
12.5100000000000
9.63900000000000
10.5960000000000
12.9890000000000
14.9030000000000
15.3810000000000
16.8170000000000
17.2950000000000
17.7740000000000
17.7740000000000
19.2100000000000
21.1240000000000
19.6880000000000
16.3380000000000
12.9890000000000
12.0320000000000
12.5100000000000
13.4670000000000
11.5530000000000
8.20400000000000
0.547000000000000
-7.10900000000000
-11.4150000000000
-12.8510000000000
-14.2870000000000
-16.2010000000000
-19.0720000000000
-19.0720000000000
-17.1580000000000
-17.1580000000000
-17.6360000000000
-18.5930000000000
-19.5500000000000
-19.0720000000000
-19.0720000000000
-19.0720000000000
-21.4640000000000
-25.7710000000000
-29.1210000000000
-31.0350000000000
-30.0780000000000
-26.7280000000000
-21.4640000000000
-17.6360000000000
-15.7220000000000
-13.3300000000000
-7.58700000000000
-2.32400000000000
1.50400000000000
2.94000000000000
1.98300000000000
3.41900000000000
7.72500000000000
14.9030000000000
18.7310000000000
17.7740000000000
13.4670000000000
11.0750000000000
7.72500000000000
2.94000000000000
-1.84500000000000
-5.19500000000000
-7.58700000000000
-10.4580000000000
-12.8510000000000
-15.2440000000000
-15.2440000000000
-12.8510000000000
-7.58700000000000
-1.36700000000000
4.85400000000000
9.63900000000000
12.9890000000000
14.9030000000000
16.3380000000000
15.8600000000000
15.3810000000000
13.9460000000000
13.4670000000000
12.9890000000000
11.0750000000000
7.72500000000000
4.85400000000000
1.50400000000000
-2.32400000000000
-5.67300000000000
-9.50100000000000
-12.3730000000000
-17.1580000000000
-19.0720000000000
-18.5930000000000
-18.5930000000000
-18.5930000000000
-19.0720000000000
-16.6790000000000
-13.3300000000000
-9.50100000000000
-6.63000000000000
-2.32400000000000
1.02600000000000
2.46100000000000
3.41900000000000
6.29000000000000
10.1180000000000
12.5100000000000
15.8600000000000
17.7740000000000
19.6880000000000
20.1670000000000
19.6880000000000
19.6880000000000
18.7310000000000
15.8600000000000
12.9890000000000
9.63900000000000
4.37600000000000
-1.84500000000000
-9.02300000000000
-13.3300000000000
-15.2440000000000
-16.6790000000000
-18.1150000000000
-21.9430000000000
-25.2920000000000
-27.2060000000000
-26.7280000000000
-24.8140000000000
-21.9430000000000
-20.5070000000000
-18.5930000000000
-15.7220000000000
-12.3730000000000
-8.54400000000000
-5.67300000000000
-2.80200000000000
0.0690000000000000
2.46100000000000
4.85400000000000
8.20400000000000
10.5960000000000
13.4670000000000
16.3380000000000
21.1240000000000
27.3440000000000
33.5650000000000
39.3070000000000
43.1350000000000
46.4850000000000
48.3990000000000
47.9200000000000
44.5710000000000
37.8720000000000
30.6940000000000
22.5590000000000
15.3810000000000
10.5960000000000
4.85400000000000
-1.84500000000000
-8.06600000000000
-15.2440000000000
-20.9860000000000
-25.7710000000000
-29.1210000000000
-30.0780000000000
-29.1210000000000
-25.7710000000000
-20.5070000000000
-13.8080000000000
-5.19500000000000
1.02600000000000
6.29000000000000
9.63900000000000
12.0320000000000
10.5960000000000
6.76800000000000
1.50400000000000
-2.80200000000000
-7.10900000000000
-12.3730000000000
-14.7650000000000
-17.1580000000000
-19.5500000000000
-22.9000000000000
-25.7710000000000
-25.7710000000000
-23.8570000000000
-20.5070000000000
-18.5930000000000
-19.5500000000000
-20.9860000000000
-20.5070000000000
-19.5500000000000
-17.6360000000000
-15.7220000000000
-10.4580000000000
-5.19500000000000
-1.36700000000000
0.547000000000000
0.547000000000000
1.98300000000000
3.89700000000000
7.72500000000000
11.0750000000000
13.9460000000000
14.4240000000000
11.5530000000000
6.29000000000000
1.50400000000000
-2.80200000000000
-6.15200000000000
-9.02300000000000
-9.98000000000000
-9.50100000000000
-7.10900000000000
-5.19500000000000
-1.84500000000000
2.46100000000000
6.29000000000000
9.63900000000000
12.0320000000000
16.3380000000000
20.1670000000000
21.6020000000000
21.6020000000000
22.0810000000000
22.0810000000000
21.1240000000000
20.6450000000000
21.6020000000000
22.5590000000000
21.1240000000000
18.2530000000000
14.4240000000000
11.0750000000000
9.63900000000000
8.68200000000000
8.20400000000000
5.81100000000000
2.46100000000000
-1.36700000000000
-5.19500000000000
-9.50100000000000
-15.2440000000000
-20.5070000000000
-23.3780000000000
-25.2920000000000
-26.2490000000000
-28.6420000000000
-31.5130000000000
-32.9490000000000
-32.4700000000000
-28.6420000000000
-21.4640000000000
-14.2870000000000
-6.63000000000000
-1.84500000000000
1.98300000000000
4.85400000000000
6.76800000000000
9.63900000000000
12.5100000000000
16.3380000000000
19.6880000000000
21.6020000000000
20.1670000000000
17.2950000000000
15.8600000000000
14.9030000000000
12.9890000000000
7.72500000000000
0.547000000000000
-5.67300000000000
-9.02300000000000
-11.8940000000000
-13.3300000000000
-13.3300000000000
-10.4580000000000
-6.63000000000000
-4.71600000000000
-6.63000000000000
-9.98000000000000
-13.3300000000000
-14.2870000000000
-12.8510000000000
-9.98000000000000
-7.58700000000000
-4.71600000000000
-3.75900000000000
-0.410000000000000
3.89700000000000
7.72500000000000
11.5530000000000
15.3810000000000
17.7740000000000
17.7740000000000
15.8600000000000
12.9890000000000
9.16100000000000
6.29000000000000
3.89700000000000
1.98300000000000
-0.410000000000000
-1.36700000000000
0.0690000000000000
1.98300000000000
1.50400000000000
-0.410000000000000
-0.888000000000000
-0.888000000000000
-1.36700000000000
-2.80200000000000
-4.23800000000000
-4.71600000000000
-3.28100000000000
-0.888000000000000
0.547000000000000
-0.410000000000000
-1.36700000000000
-0.410000000000000
2.94000000000000
8.20400000000000
12.0320000000000
14.9030000000000
15.3810000000000
13.9460000000000
10.5960000000000
6.76800000000000
2.94000000000000
1.02600000000000
0.0690000000000000
-0.410000000000000
0.0690000000000000
-0.410000000000000
-0.410000000000000
0.0690000000000000
1.98300000000000
2.94000000000000
3.89700000000000
3.89700000000000
3.89700000000000
2.46100000000000
0.0690000000000000
-1.84500000000000
-1.84500000000000
-0.888000000000000
0.0690000000000000
0.547000000000000
0.0690000000000000
-3.28100000000000
-6.15200000000000
-8.06600000000000
-6.15200000000000
-4.23800000000000
-2.32400000000000
-1.36700000000000
1.50400000000000
4.85400000000000
8.20400000000000
8.20400000000000
6.76800000000000
2.46100000000000
-2.80200000000000
-4.71600000000000
-4.71600000000000
-4.23800000000000
-5.19500000000000
-6.63000000000000
-9.02300000000000
-9.02300000000000
-7.10900000000000
-3.75900000000000
-1.36700000000000
2.46100000000000
7.24700000000000
11.0750000000000
13.9460000000000
12.9890000000000
11.0750000000000
8.68200000000000
6.29000000000000
2.46100000000000
-2.32400000000000
-7.10900000000000
-10.9370000000000
-11.4150000000000
-9.50100000000000
-5.67300000000000
-3.28100000000000
-0.410000000000000
1.98300000000000
4.37600000000000
5.81100000000000
7.24700000000000
9.16100000000000
11.5530000000000
12.9890000000000
14.9030000000000
14.9030000000000
13.9460000000000
11.5530000000000
8.20400000000000
2.94000000000000
-0.888000000000000
-3.75900000000000
-3.75900000000000
-3.28100000000000
-0.888000000000000
1.02600000000000
0.0690000000000000
-0.888000000000000
-1.36700000000000
-0.410000000000000
0.547000000000000
0.0690000000000000
0.547000000000000
0.0690000000000000
-2.32400000000000
-6.63000000000000
-10.4580000000000
-14.2870000000000
-17.6360000000000
-21.4640000000000
-25.7710000000000
-29.1210000000000
-31.5130000000000
-30.0780000000000
-25.2920000000000
-19.5500000000000
-15.2440000000000
-12.3730000000000
-10.4580000000000
-7.10900000000000
-3.75900000000000
1.02600000000000
6.29000000000000
11.5530000000000
16.8170000000000
19.6880000000000
19.6880000000000
17.7740000000000
16.3380000000000
16.8170000000000
16.3380000000000
14.4240000000000
8.68200000000000
3.41900000000000
-0.888000000000000
-1.36700000000000
0.547000000000000
3.89700000000000
5.81100000000000
7.24700000000000
8.20400000000000
10.5960000000000
12.5100000000000
13.4670000000000
12.9890000000000
12.0320000000000
11.0750000000000
9.16100000000000
4.37600000000000
0.0690000000000000
-3.75900000000000
-6.15200000000000
-7.58700000000000
-7.10900000000000
-6.15200000000000
-4.71600000000000
-3.75900000000000
-1.84500000000000
0.0690000000000000
0.0690000000000000
-0.888000000000000
-3.75900000000000
-5.19500000000000
-5.19500000000000
-3.75900000000000
-1.36700000000000
0.547000000000000
0.547000000000000
0.0690000000000000
-0.888000000000000
0.0690000000000000
0.0690000000000000
0.0690000000000000
-0.410000000000000
-0.410000000000000
-0.410000000000000
1.02600000000000
2.46100000000000
5.33300000000000
8.20400000000000
9.16100000000000
7.24700000000000
3.89700000000000
0.0690000000000000
0.0690000000000000
1.02600000000000
1.98300000000000
3.41900000000000
2.94000000000000
1.98300000000000
0.547000000000000
2.46100000000000
5.33300000000000
8.68200000000000
10.5960000000000
11.5530000000000
10.5960000000000
7.72500000000000
3.89700000000000
0.547000000000000
-3.75900000000000
-9.02300000000000
-14.2870000000000
-18.1150000000000
-20.5070000000000
-21.9430000000000
-24.3350000000000
-26.2490000000000
-27.2060000000000
-26.2490000000000
-24.8140000000000
-23.8570000000000
-22.9000000000000
-22.4210000000000
-20.9860000000000
-17.6360000000000
-14.7650000000000
-11.8940000000000
-7.58700000000000
-2.80200000000000
1.98300000000000
6.29000000000000
8.68200000000000
8.68200000000000
7.24700000000000
5.33300000000000
3.41900000000000
1.50400000000000
0.547000000000000
0.547000000000000
-0.410000000000000
-2.32400000000000
-6.63000000000000
-11.4150000000000
-16.2010000000000
-19.0720000000000
-20.5070000000000
-21.9430000000000
-23.8570000000000
-24.8140000000000
-24.3350000000000
-21.4640000000000
-15.7220000000000
-11.4150000000000
-9.02300000000000
-6.63000000000000
-2.80200000000000
1.50400000000000
4.37600000000000
7.24700000000000
10.5960000000000
14.4240000000000
18.2530000000000
20.1670000000000
20.1670000000000
18.2530000000000
17.2950000000000
17.2950000000000
19.2100000000000
20.1670000000000
19.2100000000000
17.2950000000000
16.3380000000000
14.9030000000000
12.9890000000000
8.68200000000000
3.41900000000000
-1.84500000000000
-6.15200000000000
-8.54400000000000
-9.98000000000000
-10.4580000000000
-10.4580000000000
-9.50100000000000
-8.54400000000000
-9.02300000000000
-10.9370000000000
-12.3730000000000
-13.8080000000000
-12.8510000000000
-10.9370000000000
-7.58700000000000
-4.71600000000000
-1.84500000000000
0.547000000000000
3.89700000000000
8.20400000000000
10.5960000000000
12.0320000000000
12.5100000000000
12.5100000000000
12.0320000000000
11.5530000000000
11.5530000000000
12.5100000000000
12.0320000000000
10.5960000000000
8.20400000000000
5.33300000000000
1.98300000000000
0.0690000000000000
-1.36700000000000
-1.84500000000000
-2.32400000000000
-2.32400000000000
-3.28100000000000
-2.80200000000000
-2.32400000000000
-0.888000000000000
0.547000000000000
1.02600000000000
0.547000000000000
0.0690000000000000
-0.888000000000000
-1.84500000000000
-3.75900000000000
-5.19500000000000
-7.10900000000000
-7.10900000000000
-6.63000000000000
-5.19500000000000
-5.19500000000000
-4.23800000000000
-2.80200000000000
-0.888000000000000
-0.888000000000000
-0.888000000000000
-1.36700000000000
-1.36700000000000
-0.888000000000000
0.0690000000000000
-0.888000000000000
-2.32400000000000
-2.80200000000000
-1.36700000000000
1.98300000000000
5.81100000000000
8.20400000000000
10.1180000000000
10.1180000000000
9.63900000000000
7.72500000000000
7.24700000000000
7.24700000000000
8.20400000000000
8.68200000000000
9.63900000000000
10.5960000000000
12.9890000000000
15.3810000000000
18.7310000000000
21.1240000000000
22.5590000000000
24.4730000000000
25.4300000000000
25.9090000000000
24.4730000000000
23.5160000000000
22.5590000000000
21.1240000000000
19.6880000000000
17.2950000000000
13.4670000000000
10.1180000000000
6.29000000000000
3.41900000000000
-0.410000000000000
-4.23800000000000
-6.63000000000000
-9.50100000000000
-11.4150000000000
-12.8510000000000
-11.8940000000000
-10.4580000000000
-9.50100000000000
-9.98000000000000
-9.98000000000000
-9.98000000000000
-9.98000000000000
-9.02300000000000
-7.58700000000000
-7.58700000000000
-7.58700000000000
-8.54400000000000
-8.06600000000000
-8.06600000000000
-8.06600000000000
-8.06600000000000
-8.54400000000000
-9.50100000000000
-11.4150000000000
-13.3300000000000
-13.3300000000000
-13.3300000000000
-11.8940000000000
-9.98000000000000
-7.10900000000000
-4.71600000000000
-1.84500000000000
1.02600000000000
2.94000000000000
4.85400000000000
6.29000000000000
8.20400000000000
10.1180000000000
12.9890000000000
15.3810000000000
16.8170000000000
16.3380000000000
15.3810000000000
13.4670000000000
12.5100000000000
11.0750000000000
10.5960000000000
8.20400000000000
5.33300000000000
1.02600000000000
-2.32400000000000
-4.23800000000000
-5.19500000000000
-6.63000000000000
-7.58700000000000
-9.50100000000000
-11.8940000000000
-13.3300000000000
-13.3300000000000
-11.8940000000000
-8.54400000000000
-5.19500000000000
-1.36700000000000
1.50400000000000
4.85400000000000
6.76800000000000
7.72500000000000
7.72500000000000
9.16100000000000
10.1180000000000
11.0750000000000
9.63900000000000
7.72500000000000
5.33300000000000
3.41900000000000
1.50400000000000
0.547000000000000
0.0690000000000000