0.00630000000000000
0.00364000000000000
0.000990000000000000
0.00428000000000000
0.00758000000000000
0.0108700000000000
0.00682000000000000
0.00277000000000000
-0.00128000000000000
0.00368000000000000
0.00864000000000000
0.0136000000000000
0.00727000000000000
0.000940000000000000
0.00420000000000000
0.00221000000000000
0.000210000000000000
0.00444000000000000
0.00867000000000000
0.0129000000000000
0.0171300000000000
-0.00343000000000000
-0.0240000000000000
-0.00992000000000000
0.00416000000000000
0.00528000000000000
0.0165300000000000
0.0277900000000000
0.0390400000000000
0.0244900000000000
0.00995000000000000
0.00961000000000000
0.00926000000000000
0.00892000000000000
-0.00486000000000000
-0.0186400000000000
-0.0324200000000000
-0.0336500000000000
-0.0572300000000000
-0.0453400000000000
-0.0334600000000000
-0.0320100000000000
-0.0305600000000000
-0.0291100000000000
-0.0276600000000000
-0.0411600000000000
-0.0546600000000000
-0.0681600000000000
-0.0816600000000000
-0.0684600000000000
-0.0552700000000000
-0.0420800000000000
-0.0425900000000000
-0.0431100000000000
-0.0242800000000000
-0.00545000000000000
0.0133800000000000
0.0322100000000000
0.0510400000000000
0.0698700000000000
0.0887000000000000
0.0452400000000000
0.00179000000000000
-0.0416700000000000
-0.0851300000000000
-0.128580000000000
-0.172040000000000
-0.129080000000000
-0.0861300000000000
-0.0890200000000000
-0.0919200000000000
-0.0948200000000000
-0.0932400000000000
-0.0916600000000000
-0.0947800000000000
-0.0978900000000000
-0.129020000000000
-0.0765200000000000
-0.0240100000000000
0.0284900000000000
0.0809900000000000
0.133500000000000
0.186000000000000
0.238500000000000
0.219930000000000
0.201350000000000
0.182770000000000
0.164200000000000
0.145620000000000
0.161430000000000
0.177250000000000
0.132150000000000
0.0870500000000000
0.0419600000000000
-0.00314000000000000
-0.0482400000000000
-0.0933400000000000
-0.138430000000000
-0.183530000000000
-0.228630000000000
-0.273720000000000
-0.318820000000000
-0.250240000000000
-0.181660000000000
-0.113090000000000
-0.0445100000000000
0.0240700000000000
0.0926500000000000
0.161230000000000
0.229810000000000
0.298390000000000
0.231970000000000
0.165540000000000
0.0991200000000000
0.0327000000000000
-0.0337200000000000
-0.100140000000000
-0.166560000000000
-0.232990000000000
-0.299410000000000
-0.00421000000000000
0.290990000000000
0.223800000000000
0.156620000000000
0.0894300000000000
0.0222400000000000
-0.0449500000000000
0.0183400000000000
0.0816300000000000
0.144910000000000
0.208200000000000
0.189730000000000
0.171250000000000
0.137590000000000
0.103930000000000
0.0702700000000000
0.0366100000000000
0.00295000000000000
-0.0307100000000000
-0.00561000000000000
0.0194800000000000
0.0445800000000000
0.0646800000000000
0.0847800000000000
0.104870000000000
0.0589500000000000
0.0130300000000000
-0.0328900000000000
-0.0788200000000000
-0.0355600000000000
0.00771000000000000
0.0509700000000000
0.0101300000000000
-0.0307100000000000
-0.0715600000000000
-0.112400000000000
-0.153240000000000
-0.113140000000000
-0.0730400000000000
-0.0329400000000000
0.00715000000000000
-0.0635000000000000
-0.134150000000000
-0.204800000000000
-0.124820000000000
-0.0448500000000000
0.0351300000000000
0.115100000000000
0.195080000000000
0.123010000000000
0.0509400000000000
-0.0211300000000000
-0.0932000000000000
-0.0266300000000000
0.0399500000000000
0.106530000000000
0.173110000000000
0.112830000000000
0.0525500000000000
-0.00772000000000000
0.0106400000000000
0.0290000000000000
0.0473700000000000
0.0657300000000000
0.0202100000000000
-0.0253000000000000
-0.0708100000000000
-0.0410700000000000
-0.0113300000000000
0.00288000000000000
0.0170900000000000
0.0313100000000000
-0.0227800000000000
-0.0768600000000000
-0.130950000000000
-0.185040000000000
-0.143470000000000
-0.101900000000000
-0.0603400000000000
-0.0187700000000000
0.0228000000000000
-0.00996000000000000
-0.0427200000000000
-0.0214700000000000
-0.000210000000000000
0.0210400000000000
-0.0145900000000000
-0.0502200000000000
-0.0858500000000000
-0.121480000000000
-0.157110000000000
-0.192740000000000
-0.228370000000000
-0.181450000000000
-0.134530000000000
-0.0876100000000000
-0.0406900000000000
0.00623000000000000
0.0531600000000000
0.100080000000000
0.147000000000000
0.0975400000000000
0.0480800000000000
-0.00138000000000000
0.0514100000000000
0.104200000000000
0.156990000000000
0.209790000000000
0.262580000000000
0.169960000000000
0.0773400000000000
-0.0152700000000000
-0.107890000000000
-0.200510000000000
-0.0678600000000000
0.0647900000000000
0.0167100000000000
-0.0313700000000000
-0.0794500000000000
-0.127530000000000
-0.175610000000000
-0.223690000000000
-0.271770000000000
-0.158510000000000
-0.0452500000000000
0.0680200000000000
0.181280000000000
0.144640000000000
0.108000000000000
0.0713700000000000
0.0347300000000000
0.0966600000000000
0.158600000000000
0.220530000000000
0.182960000000000
0.145380000000000
0.107800000000000
0.0702300000000000
0.0326500000000000
0.0664900000000000
0.100330000000000
0.134170000000000
0.103370000000000
0.0725700000000000
0.0417700000000000
0.0109700000000000
-0.0198300000000000
0.0443800000000000
0.108600000000000
0.172810000000000
0.104160000000000
0.0355100000000000
-0.0331500000000000
-0.101800000000000
-0.0726200000000000
-0.0434400000000000
-0.0142600000000000
0.0149200000000000
-0.0202500000000000
-0.0554300000000000
-0.0906000000000000
-0.125780000000000
-0.160950000000000
-0.196130000000000
-0.147840000000000
-0.0995500000000000
-0.0512700000000000
-0.00298000000000000
-0.0195200000000000
-0.0360500000000000
-0.0525900000000000
-0.0418200000000000
-0.0310600000000000
-0.0290300000000000
-0.0269900000000000
0.0251500000000000
0.0177000000000000
0.0221300000000000
0.0265600000000000
0.00419000000000000
-0.0181900000000000
-0.0405700000000000
-0.0629400000000000
-0.0241700000000000
0.0146000000000000
0.0533700000000000
0.0242800000000000
-0.00480000000000000
-0.0338900000000000
-0.00557000000000000
0.0227400000000000
0.00679000000000000
-0.00915000000000000
-0.0250900000000000
-0.0410300000000000
-0.0569800000000000
-0.0182600000000000
0.0204600000000000
0.00454000000000000
-0.0113800000000000
-0.00215000000000000
0.00708000000000000
0.00496000000000000
0.00285000000000000
0.000740000000000000
-0.00534000000000000
-0.0114100000000000
0.00361000000000000
0.0186300000000000
0.0336500000000000
0.0486700000000000
0.0304000000000000
0.0121300000000000
-0.00614000000000000
-0.0244100000000000
0.0137500000000000
0.0109900000000000
0.00823000000000000
0.00547000000000000
0.00812000000000000
0.0107700000000000
-0.00692000000000000
-0.0246100000000000
-0.0423000000000000
-0.0599900000000000
-0.0776800000000000
-0.0953800000000000
-0.0620900000000000
-0.0288000000000000
0.00448000000000000
0.0377700000000000
0.0177300000000000
-0.00231000000000000
-0.0223500000000000
0.0179100000000000
0.0581600000000000
0.0373800000000000
0.0166000000000000
-0.00418000000000000
-0.0249600000000000
-0.0457400000000000
-0.0207100000000000
0.00432000000000000
0.0293500000000000
0.0152600000000000
0.0180600000000000
0.0208600000000000
0.00793000000000000
-0.00501000000000000
-0.0179500000000000
-0.0308900000000000
-0.0184100000000000
-0.00593000000000000
0.00655000000000000
-0.0251900000000000
-0.0569300000000000
-0.0404500000000000
-0.0239800000000000
-0.00750000000000000
0.00897000000000000
0.00384000000000000
-0.00129000000000000
-0.00642000000000000
-0.0115600000000000
-0.0261900000000000
-0.0408200000000000
-0.0554500000000000
-0.0436600000000000
-0.0318800000000000
-0.0696400000000000
-0.0563400000000000
-0.0430300000000000
-0.0297200000000000
-0.0164200000000000
-0.00311000000000000
0.0102000000000000
0.0235000000000000
0.0368100000000000
0.0501100000000000
0.0243600000000000
-0.00139000000000000
-0.0271400000000000
-0.00309000000000000
0.0209600000000000
0.0450100000000000
0.0690600000000000
0.0577300000000000
0.0464000000000000
0.0350700000000000
0.0335700000000000
0.0320700000000000
0.0305700000000000
0.0325000000000000
0.0344400000000000
0.0363700000000000
0.0134800000000000
-0.00942000000000000
-0.0323100000000000
-0.0299700000000000
-0.0309500000000000
-0.0319200000000000
-0.0258800000000000
-0.0198400000000000
-0.0137900000000000
-0.00775000000000000
-0.0144900000000000
-0.0212300000000000
0.0152300000000000
0.0517000000000000
0.0881600000000000
0.124630000000000
0.161090000000000
0.129870000000000
0.0986400000000000
0.0674100000000000
0.0361800000000000
0.00495000000000000
0.00420000000000000
0.00345000000000000
0.00269000000000000
-0.0592200000000000
-0.121120000000000
-0.183030000000000
-0.120430000000000
-0.0578200000000000
0.00479000000000000
0.0674000000000000
0.130010000000000
0.0837300000000000
0.0374500000000000
0.0697900000000000
0.102130000000000
-0.0351700000000000
-0.172470000000000
-0.137630000000000
-0.102780000000000
-0.0679400000000000
-0.0331000000000000
-0.0364700000000000
-0.0398400000000000
-0.00517000000000000
0.0295000000000000
0.0641700000000000
0.0988300000000000
0.133500000000000
0.0592400000000000
-0.0150300000000000
-0.0892900000000000
-0.163550000000000
-0.0609600000000000
0.0416400000000000
0.0155100000000000
-0.0106100000000000
-0.0367400000000000
-0.0628700000000000
-0.0889900000000000
-0.0543000000000000
-0.0196100000000000
0.0150800000000000
0.0497700000000000
0.0844600000000000
0.0502300000000000
0.0160000000000000
-0.0182300000000000
-0.0524600000000000
-0.0866900000000000
-0.0676900000000000
-0.0487000000000000
-0.0297000000000000
-0.0107100000000000
0.00829000000000000
-0.00314000000000000
0.0296600000000000
0.0624600000000000
-0.00234000000000000
-0.0671400000000000
-0.0405100000000000
-0.0138800000000000
0.0127400000000000
0.00805000000000000
0.0302400000000000
0.0524300000000000
0.0235100000000000
-0.00541000000000000
-0.0343200000000000
-0.0632400000000000
-0.0921500000000000
-0.121070000000000
-0.0845000000000000
-0.0479400000000000
-0.0113700000000000
0.0252000000000000
0.0617700000000000
0.0402800000000000
0.0188000000000000
0.0445600000000000
0.0703200000000000
0.0960800000000000
0.121840000000000
0.0635000000000000
0.00517000000000000
-0.0531700000000000
-0.0312400000000000
-0.00930000000000000
0.0126300000000000
0.0345700000000000
0.0328300000000000
0.0310900000000000
0.0293500000000000
0.0451100000000000
0.0608700000000000
0.0766300000000000
0.0923900000000000
0.0574200000000000
0.0224500000000000
-0.0125200000000000
0.00680000000000000
0.0261100000000000
0.0454300000000000
0.0157100000000000
-0.0140200000000000
-0.0437400000000000
-0.0734700000000000
-0.0399000000000000
-0.00633000000000000
0.0272400000000000
0.0608000000000000
0.0366900000000000
0.0125800000000000
-0.0115300000000000
-0.0356400000000000
-0.00677000000000000
0.0221000000000000
0.0509800000000000
0.0798500000000000
0.0691500000000000
0.0584500000000000
0.0477500000000000
0.0370600000000000
0.0263600000000000
0.0582200000000000
0.0900900000000000
0.121960000000000
0.100690000000000
0.0794300000000000
0.0581600000000000
0.0368900000000000
0.0156300000000000
-0.00564000000000000
-0.0269000000000000
-0.0481700000000000
-0.0694400000000000
-0.0907000000000000
-0.111970000000000
-0.115210000000000
-0.118460000000000
-0.121700000000000
-0.124940000000000
-0.165000000000000
-0.205050000000000
-0.157130000000000
-0.109210000000000
-0.0612900000000000
-0.0133700000000000
0.0345500000000000
0.0824700000000000
0.0757600000000000
0.0690600000000000
0.0623600000000000
0.0873500000000000
0.112350000000000
0.137340000000000
0.121750000000000
0.106160000000000
0.0905700000000000
0.0749800000000000
0.0801100000000000
0.0852400000000000
0.0903700000000000
0.0620800000000000
0.0337800000000000
0.00549000000000000
-0.0228100000000000
-0.0544400000000000
-0.0403000000000000
-0.0261500000000000
-0.0120100000000000
-0.0202800000000000
-0.0285500000000000
-0.0624300000000000
-0.0352400000000000
-0.00805000000000000
-0.0494800000000000
-0.0364300000000000
-0.0233700000000000
-0.0336800000000000
-0.0187900000000000
-0.00389000000000000
0.0110000000000000
0.0258900000000000
0.0144600000000000
0.00303000000000000
-0.00840000000000000
0.00463000000000000
0.0176600000000000
0.0306900000000000
0.0437200000000000
0.0216500000000000
-0.000420000000000000
-0.0224900000000000
-0.0445600000000000
-0.0363800000000000
-0.0281900000000000
-0.0200100000000000
-0.0118200000000000
-0.0244500000000000
-0.0370700000000000
-0.0496900000000000
-0.0588200000000000
-0.0679500000000000
-0.0770700000000000
-0.0862000000000000
-0.0953300000000000
-0.0627600000000000
-0.0301800000000000
0.00239000000000000
0.0349600000000000
0.0439900000000000
0.0530100000000000
0.0317600000000000
0.0105100000000000
-0.0107300000000000
-0.0319800000000000
-0.0532300000000000
0.00186000000000000
0.0569600000000000
0.0198500000000000
-0.0172600000000000
-0.0543800000000000
-0.0120400000000000
0.0303100000000000
0.0726500000000000
0.114990000000000
0.0723700000000000
0.0297500000000000
-0.0128800000000000
0.0121200000000000
0.0371100000000000
0.0351700000000000
0.0332300000000000
0.0185300000000000
0.00383000000000000
0.00342000000000000
-0.0218100000000000
-0.0470400000000000
-0.0722700000000000
-0.0975000000000000
-0.122730000000000
-0.0831700000000000
-0.0436200000000000
-0.00407000000000000
0.0354900000000000
0.0750400000000000
0.114600000000000
0.0776900000000000
0.0407800000000000
0.00387000000000000
0.00284000000000000
0.00182000000000000
-0.0551300000000000
0.0473200000000000
0.0522300000000000
0.0571500000000000
0.0620600000000000
0.0669800000000000
0.0718900000000000
0.0270500000000000
-0.0177900000000000
-0.0626300000000000
-0.107470000000000
-0.152320000000000
-0.125910000000000
-0.0995000000000000
-0.0730900000000000
-0.0466800000000000
-0.0202700000000000
0.00614000000000000
0.0325500000000000
0.00859000000000000
-0.0153700000000000
-0.0393200000000000
-0.0632800000000000
-0.0332200000000000
-0.00315000000000000
0.0269100000000000
0.0119600000000000
-0.00300000000000000
0.00335000000000000
0.00970000000000000
0.0160500000000000
0.0223900000000000
0.0421500000000000
0.0619100000000000
0.0816700000000000
0.0347700000000000
-0.0121200000000000
-0.0130900000000000
-0.0140700000000000
-0.0527400000000000
-0.0254400000000000
0.00186000000000000
0.0291600000000000
0.0564600000000000
0.0837600000000000
0.0175400000000000
-0.0486900000000000
-0.0207400000000000
0.00722000000000000
0.0351700000000000
-0.00528000000000000
-0.0457200000000000
-0.0861700000000000
-0.0696000000000000
-0.0530300000000000
-0.0364600000000000
-0.0198900000000000
-0.00332000000000000
0.0132500000000000
0.0298200000000000
0.0110100000000000
-0.00781000000000000
-0.0266200000000000
-0.00563000000000000
0.0153600000000000
0.0363500000000000
0.0573400000000000
0.0315900000000000
0.00584000000000000
-0.0199200000000000
-0.00201000000000000
0.0158900000000000
-0.0102400000000000
-0.0363600000000000
-0.0624900000000000
-0.0478000000000000
-0.0331100000000000
-0.0494100000000000
-0.0657000000000000
-0.0820000000000000
-0.0498000000000000
-0.0176000000000000
0.0146000000000000
0.0468000000000000
0.0790000000000000
0.0475000000000000
0.0160000000000000
-0.0155000000000000
-0.00102000000000000
0.0134700000000000
0.0279500000000000
0.0424400000000000
0.0569200000000000
0.0378100000000000
0.0187000000000000
-0.000410000000000000
-0.0195200000000000
-0.00427000000000000
0.0109800000000000
0.0262300000000000
0.0414800000000000
0.0182100000000000
-0.00506000000000000
-0.00874000000000000
-0.0372600000000000
-0.0657900000000000
-0.0260000000000000
0.0138000000000000
0.0535900000000000
0.0933800000000000
0.0588300000000000
0.0242900000000000
-0.0102600000000000
-0.0448000000000000
-0.0108300000000000
-0.0186900000000000
-0.0265500000000000
-0.0344100000000000
-0.0250300000000000
-0.0156400000000000
-0.00626000000000000
-0.0100900000000000
-0.0139200000000000
0.0149000000000000
0.0437200000000000
0.0346300000000000
0.0209800000000000
0.00733000000000000
-0.00632000000000000
-0.0199700000000000
0.00767000000000000
0.0353200000000000
0.0340900000000000
0.0328700000000000
0.0316400000000000
0.0240300000000000
0.0164200000000000
0.00982000000000000
0.00322000000000000
-0.00339000000000000
0.0220200000000000
-0.0194100000000000
-0.0608500000000000
-0.102280000000000
-0.0784700000000000
-0.0546600000000000
-0.0308400000000000
-0.00703000000000000
0.0167800000000000
0.0194600000000000
0.0221400000000000
0.0248300000000000
0.0180900000000000
-0.00202000000000000
-0.0221300000000000
-0.00278000000000000
0.0165600000000000
0.0359000000000000
0.0552500000000000
0.0745900000000000
0.0620300000000000
0.0494800000000000
0.0369200000000000
-0.00145000000000000
0.0459900000000000
0.0407900000000000
0.0355800000000000
0.0303700000000000
0.0362600000000000
0.0421500000000000
0.0480300000000000
0.0539200000000000
0.0494700000000000
0.0450200000000000
0.0405600000000000
0.0361100000000000
0.0316600000000000
0.00614000000000000
-0.0193700000000000
-0.0448900000000000
-0.0704000000000000
-0.0959200000000000
-0.0774500000000000
-0.0589900000000000
-0.0405200000000000
-0.0220600000000000
-0.00359000000000000
0.0148700000000000
0.0100500000000000
0.00523000000000000
0.000410000000000000
-0.00441000000000000
-0.00923000000000000
-0.0118900000000000
-0.0152300000000000
-0.0185600000000000
-0.0219000000000000
-0.00983000000000000
0.00224000000000000
0.0143100000000000
0.00335000000000000
-0.00760000000000000
-0.0185600000000000
-0.00737000000000000
0.00383000000000000
0.0150200000000000
0.0262200000000000
0.0101600000000000
-0.00590000000000000
-0.0219600000000000
-0.00121000000000000
0.0195300000000000
0.0402700000000000
0.0282600000000000
0.0162500000000000
0.00424000000000000
0.00196000000000000
-0.000310000000000000
-0.00258000000000000
-0.00486000000000000
-0.00713000000000000
-0.00941000000000000
-0.0116800000000000
-0.0139600000000000
-0.0175000000000000
-0.0210400000000000
-0.0245800000000000
-0.0281300000000000
-0.0316700000000000
-0.0352100000000000
-0.0420500000000000
-0.0488900000000000
-0.0355900000000000
-0.0222900000000000
-0.00899000000000000
0.00431000000000000
0.0176200000000000
0.00714000000000000
-0.00334000000000000
-0.0138300000000000
0.0131400000000000
0.0401100000000000
0.0670800000000000
0.0482000000000000
0.0293200000000000
0.0104300000000000
-0.00845000000000000
-0.0273300000000000
-0.0462100000000000
-0.0315500000000000
-0.0168800000000000
-0.00222000000000000
0.0124400000000000
0.0268300000000000
0.0412100000000000
0.0555900000000000
0.0325300000000000
0.00946000000000000
-0.0136000000000000
-0.0143200000000000
-0.0150400000000000
-0.0157600000000000
-0.0420900000000000
-0.0268500000000000
-0.0116100000000000
0.00363000000000000
0.0188700000000000
0.0341100000000000
0.0311500000000000
0.0281900000000000
0.0291700000000000
0.0301500000000000
0.0311300000000000
0.00388000000000000
-0.0233700000000000
-0.0506200000000000
-0.0382000000000000
-0.0257900000000000
-0.0133700000000000
-0.000950000000000000
0.0114600000000000
0.0238800000000000
0.0362900000000000
0.0104700000000000
-0.0153500000000000
-0.0411700000000000
-0.0669900000000000
-0.0520700000000000
-0.0371500000000000
-0.0222200000000000
-0.00730000000000000
0.00762000000000000
0.0225400000000000
0.0374700000000000
0.0400100000000000
0.0425600000000000
0.0450700000000000
0.0475900000000000
0.0501000000000000
0.0454500000000000
0.0408000000000000
0.0287600000000000
0.0167100000000000
0.00467000000000000
-0.00738000000000000
-0.00116000000000000
0.00506000000000000
0.0112800000000000
0.0175000000000000
-0.00211000000000000
-0.0217300000000000
-0.0413500000000000
-0.0609600000000000
-0.0805800000000000
-0.0699500000000000
-0.0593100000000000
-0.0486800000000000
-0.0380500000000000
-0.0255700000000000
-0.0131000000000000
-0.000630000000000000
0.0118500000000000
0.0243200000000000
0.0368000000000000
0.0492700000000000
0.0297400000000000
0.0102100000000000
-0.00932000000000000
-0.0288400000000000
-0.0483700000000000
-0.0679000000000000
-0.0486200000000000
-0.0293400000000000
-0.0100600000000000
0.00922000000000000
0.0285100000000000
0.0477900000000000
0.0245600000000000
0.00133000000000000
-0.0219000000000000
-0.0451300000000000
-0.0683600000000000
-0.0497800000000000
-0.0312000000000000
-0.0126200000000000
0.00596000000000000
0.0245300000000000
0.0431100000000000
0.0616900000000000
0.0802700000000000
0.0988500000000000
0.0645200000000000
0.0301900000000000
-0.00414000000000000
-0.0384800000000000
-0.0728100000000000
-0.0599900000000000
-0.0471700000000000
-0.0343500000000000
-0.0323100000000000
-0.0302800000000000
-0.0282400000000000
-0.00396000000000000
0.0203200000000000
0.00313000000000000
-0.0140600000000000
-0.0312400000000000
-0.0484300000000000
-0.0656200000000000
-0.0513200000000000
-0.0370200000000000
-0.0227200000000000
-0.00843000000000000
0.00587000000000000
0.0201700000000000
0.0269800000000000
0.0337900000000000
0.0406100000000000
0.0474200000000000
0.0542300000000000
0.0353500000000000
0.0164700000000000
0.0162200000000000
0.0159800000000000
0.0157400000000000
0.00747000000000000
-0.000800000000000000
-0.00907000000000000
0.000720000000000000
0.0105100000000000
0.0203000000000000
0.0300900000000000
0.0398900000000000
0.0347800000000000
0.0296700000000000
0.0245700000000000
0.0307500000000000
0.0369400000000000
0.0431300000000000
0.0493100000000000
0.0555000000000000
0.0616800000000000
-0.00526000000000000
-0.0722000000000000
-0.0633600000000000
-0.0545100000000000
-0.0456600000000000
-0.0368100000000000
-0.0367800000000000
-0.0367500000000000
-0.0367200000000000
-0.0176500000000000
0.00143000000000000
0.0205100000000000
0.0395800000000000
0.0586600000000000
0.0355600000000000
0.0124500000000000
-0.0106600000000000
-0.0337600000000000
-0.0568700000000000
-0.0450200000000000
-0.0331700000000000
-0.0213100000000000
-0.00946000000000000
0.00239000000000000
-0.00208000000000000
-0.00654000000000000
-0.0110100000000000
-0.0154800000000000
-0.0120000000000000
-0.00851000000000000
-0.00503000000000000
-0.00154000000000000
0.00195000000000000
0.000510000000000000
-0.000920000000000000
0.0113500000000000
0.0236300000000000
0.0359000000000000
0.0481800000000000
0.0604500000000000
0.0727300000000000
0.0284700000000000
-0.0157900000000000
-0.0600400000000000
-0.0506900000000000
-0.0413400000000000
-0.0319900000000000
-0.0313500000000000
-0.0307100000000000
-0.0300700000000000
-0.0186300000000000
-0.00719000000000000
0.00425000000000000
0.0157000000000000
0.0271400000000000
0.0385800000000000
0.0297500000000000
0.0209200000000000
0.0233400000000000
0.0257600000000000
0.0281900000000000
0.0306100000000000
0.0330400000000000
0.0137100000000000
-0.00561000000000000
-0.0249400000000000
-0.0220800000000000
-0.0192300000000000
-0.0163800000000000
-0.0135300000000000
-0.0126100000000000
-0.0117000000000000
-0.00169000000000000
0.00833000000000000
0.0183400000000000
0.0283500000000000
0.0383600000000000
0.0483800000000000
0.0374900000000000
0.0266000000000000
0.0157100000000000
0.00482000000000000
-0.00607000000000000
-0.0169600000000000
-0.00780000000000000
0.00136000000000000
0.0105200000000000
0.0196800000000000
0.0288400000000000
-0.00504000000000000
-0.0389300000000000
-0.0234200000000000
-0.00791000000000000
0.00759000000000000
0.0231000000000000
0.00707000000000000
-0.00895000000000000
-0.0249800000000000
-0.0410000000000000
-0.0570300000000000
-0.0292000000000000
-0.00137000000000000
0.0264500000000000
0.0542800000000000
0.0358700000000000
0.0174600000000000
-0.000960000000000000
-0.0193700000000000
-0.0377800000000000
-0.0228100000000000
-0.00784000000000000
0.00713000000000000
0.0221000000000000
0.0370700000000000
0.0520400000000000
0.0670100000000000
0.0819800000000000
0.0308500000000000
-0.0202700000000000
-0.0714000000000000
-0.122530000000000
-0.0864400000000000
-0.0503500000000000
-0.0142600000000000
0.0218300000000000
0.0579200000000000
0.0940000000000000
0.130090000000000
0.0361100000000000
-0.0578700000000000
-0.0480200000000000
-0.0381700000000000
-0.0283200000000000
-0.0184600000000000
-0.00861000000000000
-0.0365200000000000
-0.0644400000000000
-0.0616900000000000
-0.0589400000000000
-0.0561800000000000
-0.0607300000000000
-0.0652800000000000
-0.0462800000000000
-0.0272800000000000
-0.00829000000000000
0.0107100000000000
0.0297000000000000
0.0313800000000000
0.0330600000000000
0.0347400000000000
0.0364200000000000
0.0457400000000000
0.0550600000000000
0.0643900000000000
0.0737100000000000
0.0830300000000000
0.0360500000000000
-0.0109200000000000
-0.0579000000000000
-0.0469600000000000
-0.0360200000000000
-0.0250800000000000
-0.0141400000000000
-0.0356100000000000
-0.0570800000000000
-0.0785500000000000
-0.0630400000000000
-0.0475300000000000
-0.0320300000000000
-0.0165200000000000
-0.00102000000000000
0.00922000000000000
0.0194600000000000
0.0297000000000000
0.0399300000000000
0.0501700000000000
0.0604100000000000
0.0706500000000000
0.0808900000000000
-0.00192000000000000
-0.0847300000000000
-0.0703200000000000
-0.0559000000000000
-0.0414800000000000
-0.0529600000000000
-0.0644300000000000
-0.0759000000000000
-0.0873800000000000
-0.0988500000000000
-0.0679800000000000
-0.0371000000000000
-0.00623000000000000
0.0246500000000000
0.0555300000000000
0.0864000000000000
0.117280000000000
0.148150000000000
0.0871500000000000
0.0261500000000000
-0.0348500000000000
-0.0958400000000000
-0.0710000000000000
-0.0461600000000000
-0.0213200000000000
0.00353000000000000
0.0283700000000000
0.0532100000000000
-0.00469000000000000
-0.0625800000000000
-0.120480000000000
-0.0996000000000000
-0.0787200000000000
-0.0578400000000000
-0.0369600000000000
-0.0160800000000000
0.00480000000000000
0.0256800000000000
0.0465600000000000
0.0674400000000000
0.0883200000000000
0.109200000000000
0.130080000000000
0.109950000000000
0.0898200000000000
0.0696900000000000
0.0495500000000000
0.0400600000000000
0.0305600000000000
0.0210700000000000
0.0115800000000000
0.00780000000000000
0.00402000000000000
0.000240000000000000
-0.00354000000000000
-0.00732000000000000
-0.0111000000000000
-0.00780000000000000
-0.00450000000000000
-0.00120000000000000
0.00210000000000000
0.00540000000000000
-0.00831000000000000
-0.0220300000000000
-0.0357500000000000
-0.0494700000000000
-0.0631900000000000
-0.0504600000000000
-0.0377300000000000
-0.0250000000000000
-0.0122700000000000
0.000460000000000000
0.00482000000000000
0.00919000000000000
0.0135500000000000
0.0179100000000000
0.0222800000000000
0.00883000000000000
-0.00462000000000000
-0.0180700000000000
-0.0315200000000000
-0.0227600000000000
-0.0140100000000000
-0.00526000000000000
0.00350000000000000
0.0122500000000000
0.0210100000000000
0.0143700000000000
0.00773000000000000
0.00110000000000000
0.00823000000000000
0.0153700000000000
0.0225100000000000
0.0171300000000000
0.0117500000000000
0.00637000000000000
0.0137600000000000
0.0211400000000000
0.0285200000000000
0.0359100000000000
0.0432900000000000
0.0345800000000000
0.0258700000000000
0.0171500000000000
0.00844000000000000
-0.000270000000000000
-0.00898000000000000
-0.00126000000000000
0.00645000000000000
0.0141700000000000
0.0203900000000000
0.0266100000000000
0.0328300000000000
0.0390500000000000
0.0452700000000000
0.0363900000000000
0.0275000000000000
0.0186200000000000
0.00974000000000000
0.000860000000000000
-0.0133300000000000
-0.0275200000000000
-0.0417100000000000
-0.0281200000000000
-0.0145300000000000
-0.000940000000000000
0.0126400000000000
0.0262300000000000
0.0169000000000000
0.00756000000000000
-0.00177000000000000
-0.0111100000000000
-0.0204400000000000
-0.0297700000000000
-0.0391100000000000
-0.0244200000000000
-0.00973000000000000
0.00496000000000000
0.0196500000000000
0.0343400000000000
0.0205400000000000
0.00674000000000000
-0.00706000000000000
-0.0208600000000000
-0.0346600000000000
-0.0266300000000000
-0.0186000000000000
-0.0105700000000000
-0.00254000000000000
-0.000630000000000000
0.00128000000000000
0.00319000000000000
0.00510000000000000
0.00999000000000000
0.0148800000000000
0.00791000000000000
0.000930000000000000
-0.00605000000000000
0.00342000000000000
0.0128800000000000
0.0223500000000000
0.0318100000000000
0.0412800000000000
0.0270700000000000
0.0128700000000000
-0.00134000000000000
-0.0155400000000000
-0.0297500000000000
-0.0439500000000000
-0.0361200000000000
-0.0282800000000000
-0.0204400000000000
-0.0126000000000000
-0.00476000000000000
0.00307000000000000
0.0109100000000000
0.00984000000000000
0.00876000000000000
0.00768000000000000
0.00661000000000000
0.0123400000000000
0.0180700000000000
0.0238000000000000
0.0295300000000000
0.0352600000000000
0.0278400000000000
0.0204200000000000
0.0130000000000000
-0.0341500000000000
-0.00628000000000000
-0.00621000000000000
-0.00615000000000000
-0.00609000000000000
-0.00602000000000000
-0.00596000000000000
-0.00590000000000000
-0.00583000000000000
-0.00577000000000000
-0.00571000000000000
-0.00564000000000000
-0.00558000000000000
-0.00552000000000000
-0.00545000000000000
-0.00539000000000000
-0.00532000000000000
-0.00526000000000000
-0.00520000000000000
-0.00513000000000000
-0.00507000000000000
-0.00501000000000000
-0.00494000000000000
-0.00488000000000000
-0.00482000000000000
-0.00475000000000000
-0.00469000000000000
-0.00463000000000000
-0.00456000000000000
-0.00450000000000000
-0.00444000000000000
-0.00437000000000000
-0.00431000000000000
-0.00425000000000000
-0.00418000000000000
-0.00412000000000000
-0.00406000000000000
-0.00399000000000000
-0.00393000000000000
-0.00387000000000000
-0.00380000000000000
-0.00374000000000000
-0.00368000000000000
-0.00361000000000000
-0.00355000000000000
-0.00349000000000000
-0.00342000000000000
-0.00336000000000000
-0.00330000000000000
-0.00323000000000000
-0.00317000000000000
-0.00311000000000000
-0.00304000000000000
-0.00298000000000000
-0.00292000000000000
-0.00285000000000000
-0.00279000000000000
-0.00273000000000000
-0.00266000000000000
-0.00260000000000000
-0.00254000000000000
-0.00247000000000000
-0.00241000000000000
-0.00235000000000000
-0.00228000000000000
-0.00222000000000000
-0.00216000000000000
-0.00209000000000000
-0.00203000000000000
-0.00197000000000000
-0.00190000000000000
-0.00184000000000000
-0.00178000000000000
-0.00171000000000000
-0.00165000000000000
-0.00158000000000000
-0.00152000000000000
-0.00146000000000000
-0.00139000000000000
-0.00133000000000000
-0.00127000000000000
-0.00120000000000000
-0.00114000000000000
-0.00108000000000000
-0.00101000000000000
-0.000950000000000000
-0.000890000000000000
-0.000820000000000000
-0.000760000000000000
-0.000700000000000000
-0.000630000000000000
-0.000570000000000000
-0.000510000000000000
-0.000440000000000000
-0.000380000000000000
-0.000320000000000000
-0.000250000000000000
-0.000190000000000000
-0.000130000000000000
-6.00000000000000e-05
-0.000000000000000000
