   0.0000000e+00   1.2729298e-03
   2.0000000e-02   4.0517627e-03
   4.0000000e-02   4.8282539e-03
   6.0000000e-02   5.4509982e-03
   8.0000000e-02   4.6045602e-03
   1.0000000e-01   4.9412705e-03
   1.2000000e-01   4.8632372e-03
   1.4000000e-01   4.6817586e-03
   1.6000000e-01   2.4359376e-03
   1.8000000e-01   9.3247618e-04
   2.0000000e-01  -2.8022639e-05
   2.2000000e-01  -6.9754411e-04
   2.4000000e-01  -2.1341547e-03
   2.6000000e-01  -1.1516959e-03
   2.8000000e-01  -7.6358264e-04
   3.0000000e-01   2.1053895e-03
   3.2000000e-01   3.9955143e-03
   3.4000000e-01   4.3036111e-02
   3.6000000e-01   4.9445252e-02
   3.8000000e-01   3.4293347e-02
   4.0000000e-01   2.1652809e-02
   4.2000000e-01   7.3477645e-03
   4.4000000e-01  -5.1095177e-03
   4.6000000e-01   2.8781394e-03
   4.8000000e-01   6.4117655e-03
   5.0000000e-01   1.0454256e-02
   5.2000000e-01   7.6715761e-04
   5.4000000e-01  -1.2641643e-03
   5.6000000e-01  -2.1961157e-03
   5.8000000e-01  -8.0723327e-03
   6.0000000e-01  -3.2415766e-02
   6.2000000e-01  -3.4452411e-02
   6.4000000e-01  -3.1163574e-02
   6.6000000e-01  -3.7206336e-02
   6.8000000e-01  -3.8523857e-02
   7.0000000e-01  -4.0603824e-02
   7.2000000e-01  -5.2133600e-02
   7.4000000e-01  -5.6013869e-02
   7.6000000e-01  -6.7759627e-02
   7.8000000e-01  -7.9502050e-02
   8.0000000e-01  -1.0140738e-01
   8.2000000e-01  -1.1321971e-01
   8.4000000e-01  -8.9168347e-02
   8.6000000e-01  -7.2149168e-02
   8.8000000e-01  -6.7139986e-02
   9.0000000e-01  -8.2540805e-02
   9.2000000e-01  -8.5471261e-02
   9.4000000e-01  -8.3172538e-02
   9.6000000e-01  -7.6245707e-02
   9.8000000e-01  -7.9708194e-02
   1.0000000e+00  -8.8044826e-02
   1.0200000e+00  -1.0723103e-01
   1.0400000e+00  -1.0524661e-01
   1.0600000e+00  -1.0628284e-01
   1.0800000e+00  -1.0192816e-01
   1.1000000e+00  -9.9710280e-02
   1.1200000e+00  -9.6788617e-02
   1.1400000e+00  -9.0738282e-02
   1.1600000e+00  -1.0738951e-01
   1.1800000e+00  -9.0992155e-02
   1.2000000e+00  -5.2958197e-02
   1.2200000e+00  -1.8373830e-02
   1.2400000e+00   2.9839789e-03
   1.2600000e+00  -4.0865377e-02
   1.2800000e+00  -5.0335170e-02
   1.3000000e+00  -8.9118839e-02
   1.3200000e+00  -1.2417463e-01
   1.3400000e+00  -1.3208086e-01
   1.3600000e+00  -1.0969476e-01
   1.3800000e+00  -1.0198361e-01
   1.4000000e+00  -7.0504867e-02
   1.4200000e+00  -4.7687051e-02
   1.4400000e+00  -4.5714649e-02
   1.4600000e+00  -8.9237724e-02
   1.4800000e+00  -3.1716711e-02
   1.5000000e+00  -2.5599267e-02
   1.5200000e+00  -7.8268303e-03
   1.5400000e+00  -2.1973623e-02
   1.5600000e+00  -1.8453389e-03
   1.5800000e+00   7.6971558e-03
   1.6000000e+00   2.8009241e-02
   1.6200000e+00   4.2574538e-02
   1.6400000e+00   7.5404355e-02
   1.6600000e+00   8.3217534e-02
   1.6800000e+00   1.1657798e-01
   1.7000000e+00   1.4481714e-01
   1.7200000e+00   1.7689170e-01
   1.7400000e+00   1.1773803e-01
   1.7600000e+00   1.2734810e-01
   1.7800000e+00   1.1406364e-01
   1.8000000e+00   1.2711836e-01
   1.8200000e+00   9.2465799e-02
   1.8400000e+00   3.4478739e-02
   1.8600000e+00  -2.5092438e-02
   1.8800000e+00  -1.9036441e-01
   1.9000000e+00  -2.1768305e-01
   1.9200000e+00  -1.8886757e-01
   1.9400000e+00  -2.1147368e-01
   1.9600000e+00  -2.0303250e-01
   1.9800000e+00  -2.2986438e-01
   2.0000000e+00  -2.4527490e-01
   2.0200000e+00  -2.4937592e-01
   2.0400000e+00  -2.2511464e-01
   2.0600000e+00  -1.8899791e-01
   2.0800000e+00  -1.6943651e-01
   2.1000000e+00  -1.2281959e-01
   2.1200000e+00  -1.0200641e-01
   2.1400000e+00  -4.4256205e-02
   2.1600000e+00  -7.9981860e-03
   2.1800000e+00   3.4516586e-02
   2.2000000e+00  -4.8359982e-02
   2.2200000e+00  -5.9791958e-02
   2.2400000e+00  -8.8516478e-02
   2.2600000e+00  -9.5695873e-02
   2.2800000e+00  -1.5558150e-01
   2.3000000e+00  -1.5761794e-01
   2.3200000e+00  -1.0935946e-01
   2.3400000e+00  -9.2649335e-02
   2.3600000e+00  -4.9622876e-02
   2.3800000e+00  -2.1267635e-03
   2.4000000e+00   5.1233994e-02
   2.4200000e+00   9.3929473e-02
   2.4400000e+00   8.2770305e-02
   2.4600000e+00   8.5922744e-02
   2.4800000e+00   6.9788991e-02
   2.5000000e+00   3.9006871e-02
   2.5200000e+00   1.9265194e-02
   2.5400000e+00  -2.8429058e-02
   2.5600000e+00  -4.0328514e-02
   2.5800000e+00   7.7377182e-03
   2.6000000e+00   3.6246501e-02
   2.6200000e+00   6.4180301e-02
   2.6400000e+00   9.0669751e-02
   2.6600000e+00   1.2178838e-01
   2.6800000e+00   1.7600097e-01
   2.7000000e+00   1.3210980e-01
   2.7200000e+00   1.1988421e-01
   2.7400000e+00   4.5985820e-02
   2.7600000e+00   9.4992374e-02
   2.7800000e+00   9.2400440e-02
   2.8000000e+00   1.4285356e-01
   2.8200000e+00   1.6282518e-01
   2.8400000e+00   2.0245825e-01
   2.8600000e+00   2.2114060e-01
   2.8800000e+00   2.0738301e-01
   2.9000000e+00   1.9349853e-01
   2.9200000e+00   1.7165342e-01
   2.9400000e+00   1.1350657e-01
   2.9600000e+00   1.3620348e-01
   2.9800000e+00   1.6477796e-01
   3.0000000e+00   2.0663972e-01
   3.0200000e+00   2.2052734e-01
   3.0400000e+00   2.3966008e-01
   3.0600000e+00   2.3510309e-01
   3.0800000e+00   2.2115449e-01
   3.1000000e+00   2.0055253e-01
   3.1200000e+00   2.2018317e-01
   3.1400000e+00   2.1271248e-01
   3.1600000e+00   2.2907709e-01
   3.1800000e+00   1.6412867e-01
   3.2000000e+00   9.9906179e-02
   3.2200000e+00   1.5638602e-02
   3.2400000e+00   3.0113923e-02
   3.2600000e+00   2.1330685e-02
   3.2800000e+00   2.8464901e-02
   3.3000000e+00   3.4499454e-02
   3.3200000e+00   8.0690823e-02
   3.3400000e+00   1.2192336e-01
   3.3600000e+00   1.0918277e-01
   3.3800000e+00   9.8654128e-02
   3.4000000e+00   7.0388361e-02
   3.4200000e+00   9.0092057e-02
   3.4400000e+00   9.7214699e-02
   3.4600000e+00   1.1917091e-01
   3.4800000e+00   1.1257223e-01
   3.5000000e+00   3.2322760e-02
   3.5200000e+00  -1.1560500e-02
   3.5400000e+00  -4.8825702e-02
   3.5600000e+00  -8.7361479e-02
   3.5800000e+00  -9.1193933e-02
   3.6000000e+00  -1.1234872e-01
   3.6200000e+00  -1.1308300e-01
   3.6400000e+00  -1.2841399e-01
   3.6600000e+00  -1.1567809e-01
   3.6800000e+00  -1.1001571e-01
   3.7000000e+00  -9.8243472e-02
   3.7200000e+00  -7.6731836e-02
   3.7400000e+00  -5.3920375e-02
   3.7600000e+00  -4.2567241e-02
   3.7800000e+00  -3.0893083e-02
   3.8000000e+00  -5.6907745e-02
   3.8200000e+00  -9.7112153e-02
   3.8400000e+00  -1.3718467e-01
   3.8600000e+00  -1.4894411e-01
   3.8800000e+00  -8.0748667e-02
   3.9000000e+00  -5.6765739e-02
   3.9200000e+00  -3.4554908e-03
   3.9400000e+00  -7.7749991e-02
   3.9600000e+00  -8.9729154e-02
   3.9800000e+00  -1.0633183e-01
   4.0000000e+00  -1.2768225e-02
   4.0200000e+00   1.2166457e-02
   4.0400000e+00   3.5576833e-02
   4.0600000e+00  -3.3794435e-03
   4.0800000e+00   6.3577750e-02
   4.1000000e+00   2.9263123e-02
   4.1200000e+00   9.8366393e-02
   4.1400000e+00  -2.2165307e-01
   4.1600000e+00  -7.5993321e-02
   4.1800000e+00  -1.3737067e-01
   4.2000000e+00  -3.9839500e-02
   4.2200000e+00  -2.2024315e-02
   4.2400000e+00   4.7315769e-02
   4.2600000e+00   7.9148453e-02
   4.2800000e+00   1.2840516e-01
   4.3000000e+00   1.3377692e-01
   4.3200000e+00   1.3004925e-01
   4.3400000e+00   1.4266601e-01
   4.3600000e+00   1.2596662e-01
   4.3800000e+00   1.2036167e-01
   4.4000000e+00   1.1720717e-01
   4.4200000e+00   1.6751115e-01
   4.4400000e+00   7.3861501e-02
   4.4600000e+00   1.2738598e-01
   4.4800000e+00   4.0921783e-02
   4.5000000e+00   9.9862047e-02
   4.5200000e+00  -1.7314171e-01
   4.5400000e+00  -7.1457833e-02
   4.5600000e+00  -1.0742257e-01
   4.5800000e+00  -8.4307512e-02
   4.6000000e+00  -1.0449647e-01
   4.6200000e+00  -5.9147160e-02
   4.6400000e+00  -1.4267740e-01
   4.6600000e+00  -7.0667802e-02
   4.6800000e+00  -7.8630037e-02
   4.7000000e+00  -1.6329583e-02
   4.7200000e+00  -2.1617911e-02
   4.7400000e+00   3.9635216e-02
   4.7600000e+00   6.1394401e-02
   4.7800000e+00   1.0190484e-01
   4.8000000e+00   9.6946985e-02
   4.8200000e+00   1.0438805e-01
   4.8400000e+00   8.1143970e-02
   4.8600000e+00   8.3955065e-02
   4.8800000e+00   5.3839961e-02
   4.9000000e+00   8.7250645e-02
   4.9200000e+00   6.5196125e-02
   4.9400000e+00   7.6256344e-02
   4.9600000e+00   5.8302909e-02
   4.9800000e+00   8.2576319e-02
   5.0000000e+00   1.1679527e-01
   5.0200000e+00   1.2011108e-01
   5.0400000e+00   8.4109646e-02
   5.0600000e+00   5.0433061e-02
   5.0800000e+00   3.3739822e-02
   5.1000000e+00   6.3518803e-02
   5.1200000e+00   1.2301512e-01
   5.1400000e+00   1.9641512e-01
   5.1600000e+00   8.6883046e-02
   5.1800000e+00   7.0525895e-03
   5.2000000e+00   4.1610585e-02
   5.2200000e+00   8.5530510e-02
   5.2400000e+00   9.5241443e-02
   5.2600000e+00   1.2722766e-01
   5.2800000e+00   1.4638553e-01
   5.3000000e+00   1.2212027e-01
   5.3200000e+00   4.1823396e-02
   5.3400000e+00  -2.5387229e-02
   5.3600000e+00  -1.6799982e-02
   5.3800000e+00  -6.1557940e-02
   5.4000000e+00  -4.6149292e-02
   5.4200000e+00  -7.9274262e-02
   5.4400000e+00  -1.3300185e-01
   5.4600000e+00  -1.5547040e-01
   5.4800000e+00  -1.2778879e-01
   5.5000000e+00  -1.1354689e-01
   5.5200000e+00  -8.8186459e-02
   5.5400000e+00  -5.9085094e-02
   5.5600000e+00  -1.6256996e-02
   5.5800000e+00   1.6726615e-02
   5.6000000e+00   3.4407641e-02
   5.6200000e+00   8.5088665e-02
   5.6400000e+00   9.3794208e-02
   5.6600000e+00   2.7723851e-02
   5.6800000e+00   1.3840171e-02
   5.7000000e+00  -4.7420061e-02
   5.7200000e+00  -7.3228128e-02
   5.7400000e+00  -7.8990877e-02
   5.7600000e+00  -3.7127810e-02
   5.7800000e+00  -1.0937438e-02
   5.8000000e+00  -5.5745047e-02
   5.8200000e+00  -1.1203042e-01
   5.8400000e+00  -4.7557885e-02
   5.8600000e+00  -4.8165069e-02
   5.8800000e+00   2.6689790e-03
   5.9000000e+00   2.1710403e-02
   5.9200000e+00   7.4602473e-02
   5.9400000e+00   3.6728657e-02
   5.9600000e+00   2.6414368e-02
   5.9800000e+00   1.3883939e-02
   6.0000000e+00   4.1753224e-02
   6.0200000e+00   1.5589786e-02
   6.0400000e+00   3.4381309e-02
   6.0600000e+00   2.7178441e-02
   6.0800000e+00   3.8811761e-02
   6.1000000e+00   2.6395135e-02
   6.1200000e+00   2.0956922e-02
   6.1400000e+00   2.3138959e-03
   6.1600000e+00  -2.0400580e-02
   6.1800000e+00  -5.8264686e-02
   6.2000000e+00  -2.5093011e-02
   6.2200000e+00  -7.7018422e-03
   6.2400000e+00   3.5776010e-02
   6.2600000e+00   6.1225854e-02
   6.2800000e+00   1.2364040e-02
   6.3000000e+00  -1.0035243e-02
   6.3200000e+00  -4.6166868e-02
   6.3400000e+00  -7.4102015e-02
   6.3600000e+00  -6.8928213e-02
   6.3800000e+00  -7.5479174e-02
   6.4000000e+00  -5.9733574e-02
   6.4200000e+00  -4.0276097e-02
   6.4400000e+00  -2.4343840e-02
   6.4600000e+00  -7.6481718e-03
   6.4800000e+00  -2.6149677e-02
   6.5000000e+00  -2.6398177e-02
   6.5200000e+00  -4.8417362e-02
   6.5400000e+00  -4.2420725e-02
   6.5600000e+00  -6.3808595e-02
   6.5800000e+00  -8.0942296e-02
   6.6000000e+00  -7.7204397e-02
   6.6200000e+00  -9.0958877e-02
   6.6400000e+00  -9.2604263e-02
   6.6600000e+00  -1.2194327e-01
   6.6800000e+00  -1.1014917e-01
   6.7000000e+00  -8.3759398e-02
   6.7200000e+00  -4.9179416e-02
   6.7400000e+00  -5.2377372e-02
   6.7600000e+00  -5.1850066e-02
   6.7800000e+00  -2.3916927e-02
   6.8000000e+00  -3.6722992e-02
   6.8200000e+00  -6.0826050e-02
   6.8400000e+00  -8.6606087e-02
   6.8600000e+00  -1.0795525e-01
   6.8800000e+00  -9.1257897e-02
   6.9000000e+00  -1.2325098e-01
   6.9200000e+00  -8.5096825e-02
   6.9400000e+00  -5.5171166e-02
   6.9600000e+00   5.1754958e-03
   6.9800000e+00   7.7372503e-02
   7.0000000e+00   1.0838571e-01
   7.0200000e+00   6.4317896e-02
   7.0400000e+00   4.9463060e-02
   7.0600000e+00  -1.1355803e-02
   7.0800000e+00  -4.4926840e-02
   7.1000000e+00  -9.7966466e-02
   7.1200000e+00  -7.9406385e-02
   7.1400000e+00  -4.8579049e-02
   7.1600000e+00  -3.0642130e-02
   7.1800000e+00  -8.0985639e-02
   7.2000000e+00  -1.0107152e-01
   7.2200000e+00  -5.0004165e-02
   7.2400000e+00  -1.2052340e-03
   7.2600000e+00   5.4997923e-02
   7.2800000e+00   1.0755320e-01
   7.3000000e+00   1.4712585e-01
   7.3200000e+00   1.6946057e-01
   7.3400000e+00   1.4734619e-01
   7.3600000e+00   1.0942733e-01
   7.3800000e+00   7.3869504e-02
   7.4000000e+00   3.5767272e-02
   7.4200000e+00   2.8464072e-02
   7.4400000e+00  -5.6265430e-03
   7.4600000e+00  -3.9045748e-02
   7.4800000e+00  -9.1667100e-02
   7.5000000e+00  -5.8698057e-02
   7.5200000e+00  -5.7496378e-02
   7.5400000e+00  -1.4044602e-02
   7.5600000e+00  -3.5266761e-02
   7.5800000e+00  -8.6015364e-03
   7.6000000e+00  -1.0356778e-02
   7.6200000e+00   2.1953231e-02
   7.6400000e+00   3.6483512e-02
   7.6600000e+00   5.0494276e-02
   7.6800000e+00   5.7531415e-02
   7.7000000e+00   6.4454106e-02
   7.7200000e+00   5.6264651e-02
   7.7400000e+00   1.1123865e-02
   7.7600000e+00  -3.5787453e-03
   7.7800000e+00  -2.0190694e-02
   7.8000000e+00  -3.2356147e-02
   7.8200000e+00  -5.2214112e-02
   7.8400000e+00  -6.8260570e-02
   7.8600000e+00  -7.8485874e-02
   7.8800000e+00  -7.8587228e-02
   7.9000000e+00  -6.6069796e-02
   7.9200000e+00  -5.9724287e-02
   7.9400000e+00  -6.3870067e-02
   7.9600000e+00  -6.0342170e-02
   7.9800000e+00  -7.3315754e-02
   8.0000000e+00  -9.1766319e-02
   8.0200000e+00  -1.2296118e-01
   8.0400000e+00  -9.7827757e-02
   8.0600000e+00  -8.4611385e-02
   8.0800000e+00  -7.7345775e-02
   8.1000000e+00  -1.1624715e-01
   8.1200000e+00  -1.0525131e-01
   8.1400000e+00  -9.0392704e-02
   8.1600000e+00  -6.4029295e-02
   8.1800000e+00  -4.3281175e-02
   8.2000000e+00   1.2521726e-02
   8.2200000e+00  -1.0475081e-02
   8.2400000e+00  -3.7964765e-02
   8.2600000e+00  -5.0152481e-03
   8.2800000e+00  -5.2214479e-03
   8.3000000e+00   9.8321035e-03
   8.3200000e+00   2.8348706e-02
   8.3400000e+00  -1.6222674e-02
   8.3600000e+00  -3.3308582e-02
   8.3800000e+00  -5.4302683e-02
   8.4000000e+00  -5.8055509e-02
   8.4200000e+00  -7.9497595e-02
   8.4400000e+00  -1.0992864e-01
   8.4600000e+00  -7.8658397e-02
   8.4800000e+00   6.9169458e-03
   8.5000000e+00   6.4548329e-02
   8.5200000e+00   1.4773683e-01
   8.5400000e+00   8.7672109e-02
   8.5600000e+00   1.5588366e-01
   8.5800000e+00   1.5501611e-01
   8.6000000e+00   1.9770704e-01
   8.6200000e+00   7.6602388e-02
   8.6400000e+00   1.4830316e-01
   8.6600000e+00   8.8594300e-02
   8.6800000e+00   1.5335047e-01
   8.7000000e+00   5.5592762e-03
   8.7200000e+00   3.6822446e-03
   8.7400000e+00   1.8383001e-02
   8.7600000e+00  -1.2194846e-03
   8.7800000e+00  -9.4337293e-03
   8.8000000e+00  -1.0909781e-03
   8.8200000e+00   3.6110587e-02
   8.8400000e+00   6.7524958e-02
   8.8600000e+00   9.3530650e-02
   8.8800000e+00   6.4455644e-02
   8.9000000e+00   5.6149297e-02
   8.9200000e+00   4.0684294e-02
   8.9400000e+00   9.2421424e-02
   8.9600000e+00   1.3980805e-01
   8.9800000e+00   1.2976533e-01
   9.0000000e+00   1.1250119e-01
   9.0200000e+00   1.1843933e-01
   9.0400000e+00   6.9249967e-02
   9.0600000e+00   5.5337514e-02
   9.0800000e+00   4.7204100e-02
   9.1000000e+00   6.0269222e-02
   9.1200000e+00   4.9978577e-02
   9.1400000e+00   6.2231911e-02
   9.1600000e+00   4.0320885e-02
   9.1800000e+00   5.7585123e-02
   9.2000000e+00  -4.0142297e-02
   9.2200000e+00  -3.0892834e-02
   9.2400000e+00  -8.2752697e-03
   9.2600000e+00  -1.7601415e-02
   9.2800000e+00   4.5178571e-03
   9.3000000e+00   1.4297529e-02
   9.3200000e+00   2.5593817e-02
   9.3400000e+00   1.2671814e-02
   9.3600000e+00  -1.8999470e-02
   9.3800000e+00  -3.3428897e-02
   9.4000000e+00  -6.7284984e-02
   9.4200000e+00  -7.8157218e-02
   9.4400000e+00  -6.5053552e-02
   9.4600000e+00  -6.0455981e-02
   9.4800000e+00  -4.0302745e-02
   9.5000000e+00  -1.7865426e-02
   9.5200000e+00  -6.5099101e-02
   9.5400000e+00  -1.1167411e-01
   9.5600000e+00  -9.3010940e-02
   9.5800000e+00  -6.8399658e-02
   9.6000000e+00  -2.3394567e-02
   9.6200000e+00   8.3335557e-03
   9.6400000e+00   1.6596395e-02
   9.6600000e+00  -3.2663204e-02
   9.6800000e+00  -8.8264083e-02
   9.7000000e+00  -1.1813567e-01
   9.7200000e+00  -1.9267813e-01
   9.7400000e+00  -1.6161441e-01
   9.7600000e+00  -1.4002974e-01
   9.7800000e+00  -4.1546247e-02
   9.8000000e+00  -2.5617300e-02
   9.8200000e+00  -1.5881426e-02
   9.8400000e+00  -1.1428418e-02
   9.8600000e+00  -3.1446215e-03
   9.8800000e+00   1.0276999e-02
   9.9000000e+00   2.8732777e-02
   9.9200000e+00   1.1170779e-02
   9.9400000e+00  -3.6492212e-02
   9.9600000e+00  -5.6533195e-02
   9.9800000e+00  -1.0666919e-01
   1.0000000e+01  -1.2204810e-01
   1.0020000e+01  -1.3794069e-01
   1.0040000e+01  -5.6172229e-02
   1.0060000e+01  -7.6046020e-02
   1.0080000e+01  -1.6940705e-01
   1.0100000e+01  -8.8940628e-02
   1.0120000e+01  -2.3940951e-02
   1.0140000e+01   6.4455102e-02
   1.0160000e+01   1.1226609e-01
   1.0180000e+01   1.5261814e-01
   1.0200000e+01   6.7801140e-02
   1.0220000e+01   1.4979928e-02
   1.0240000e+01  -3.8625836e-02
   1.0260000e+01   1.0973919e-02
   1.0280000e+01   4.2734912e-03
   1.0300000e+01   5.3564544e-02
   1.0320000e+01   1.0049988e-01
   1.0340000e+01   8.7077380e-02
   1.0360000e+01  -5.4422170e-02
   1.0380000e+01   3.0192713e-02
   1.0400000e+01  -1.0763948e-02
   1.0420000e+01   4.1698116e-02
   1.0440000e+01  -1.4786261e-03
   1.0460000e+01  -1.0926200e-02
   1.0480000e+01   5.1545866e-03
   1.0500000e+01   9.8614958e-05
   1.0520000e+01   1.1377435e-02
   1.0540000e+01   1.5782622e-02
   1.0560000e+01   1.1185293e-02
   1.0580000e+01  -4.5495762e-03
   1.0600000e+01  -7.4310179e-03
   1.0620000e+01  -1.3185709e-02
   1.0640000e+01  -3.1568274e-02
   1.0660000e+01   3.4232284e-04
   1.0680000e+01   5.2467401e-02
   1.0700000e+01   8.8371091e-02
   1.0720000e+01   1.2437861e-01
   1.0740000e+01   1.8966068e-02
   1.0760000e+01   4.3717176e-02
   1.0780000e+01  -5.0539559e-02
   1.0800000e+01   1.2316639e-03
   1.0820000e+01   9.6918240e-03
   1.0840000e+01   4.5781792e-02
   1.0860000e+01   1.8141633e-02
   1.0880000e+01  -3.8061416e-02
   1.0900000e+01  -9.1649411e-02
   1.0920000e+01  -1.1198884e-01
   1.0940000e+01  -6.8277771e-02
   1.0960000e+01  -2.7460030e-02
   1.0980000e+01   5.0987384e-02
   1.1000000e+01   4.1280290e-02
   1.1020000e+01   2.8141159e-02
   1.1040000e+01   2.6256818e-02
   1.1060000e+01   1.9413375e-02
   1.1080000e+01   2.0446420e-02
   1.1100000e+01  -3.5689492e-02
   1.1120000e+01  -6.8189162e-02
   1.1140000e+01  -1.2363845e-01
   1.1160000e+01  -1.1256808e-01
   1.1180000e+01  -1.0982820e-01
   1.1200000e+01  -4.0869811e-02
   1.1220000e+01  -4.1379355e-02
   1.1240000e+01  -6.0870164e-02
   1.1260000e+01  -4.1881596e-02
   1.1280000e+01  -8.9636563e-03
   1.1300000e+01   1.8799517e-02
   1.1320000e+01   6.7121317e-02
   1.1340000e+01   1.1277272e-01
   1.1360000e+01   1.5388898e-01
   1.1380000e+01   1.5668853e-01
   1.1400000e+01   1.8366534e-01
   1.1420000e+01   2.0419838e-01
   1.1440000e+01   2.4111635e-01
   1.1460000e+01   2.3746497e-01
   1.1480000e+01   2.4704480e-01
   1.1500000e+01   2.3807717e-01
   1.1520000e+01   2.2362045e-01
   1.1540000e+01   2.0952677e-01
   1.1560000e+01   1.8731342e-01
   1.1580000e+01   1.9359836e-01
   1.1600000e+01   1.0917809e-01
   1.1620000e+01   6.7652437e-02
   1.1640000e+01  -5.4738355e-03
   1.1660000e+01  -3.0533268e-02
   1.1680000e+01  -9.0473800e-02
   1.1700000e+01  -1.1312021e-01
   1.1720000e+01  -1.7105272e-01
   1.1740000e+01  -6.6964167e-02
   1.1760000e+01  -6.1651704e-02
   1.1780000e+01  -3.6102138e-02
   1.1800000e+01  -6.0890694e-03
   1.1820000e+01  -3.1852282e-02
   1.1840000e+01  -7.9358347e-02
   1.1860000e+01  -1.2556486e-01
   1.1880000e+01  -1.9415116e-01
   1.1900000e+01  -1.9308736e-01
   1.1920000e+01  -2.3020583e-01
   1.1940000e+01  -2.2108995e-01
   1.1960000e+01  -2.5701751e-01
   1.1980000e+01  -2.2250927e-01
   1.2000000e+01  -1.9631748e-01
   1.2020000e+01  -1.4118248e-01
   1.2040000e+01  -1.2616855e-01
   1.2060000e+01  -1.5410659e-01
   1.2080000e+01  -1.5509181e-01
   1.2100000e+01  -1.7011609e-01
   1.2120000e+01  -1.6786692e-01
   1.2140000e+01  -1.6217092e-01
   1.2160000e+01  -1.6669325e-01
   1.2180000e+01  -1.5645173e-01
   1.2200000e+01  -1.4788850e-01
   1.2220000e+01  -1.2913844e-01
   1.2240000e+01  -8.8628327e-02
   1.2260000e+01  -4.1010707e-02
   1.2280000e+01   2.7297211e-03
   1.2300000e+01   3.6188580e-02
   1.2320000e+01   7.2856998e-02
   1.2340000e+01   7.3176499e-02
   1.2360000e+01   5.5357623e-02
   1.2380000e+01   6.4452228e-02
   1.2400000e+01   7.2357442e-02
   1.2420000e+01   5.7038535e-02
   1.2440000e+01   5.1677624e-02
   1.2460000e+01   4.1664091e-02
   1.2480000e+01   4.2525072e-02
   1.2500000e+01   2.5144115e-02
   1.2520000e+01   2.0918198e-02
   1.2540000e+01   4.7996919e-03
   1.2560000e+01   5.9174921e-04
   1.2580000e+01   2.0008983e-02
   1.2600000e+01   4.3465871e-02
   1.2620000e+01   6.7898211e-02
   1.2640000e+01   7.0275190e-02
   1.2660000e+01   6.9744249e-02
   1.2680000e+01   7.0061147e-02
   1.2700000e+01   5.2239668e-02
   1.2720000e+01   1.2986563e-01
   1.2740000e+01   1.6905491e-01
   1.2760000e+01   1.5152494e-01
   1.2780000e+01   1.4958438e-01
   1.2800000e+01   1.2993211e-01
   1.2820000e+01   1.2024837e-01
   1.2840000e+01   9.4356417e-02
   1.2860000e+01   7.6453413e-02
   1.2880000e+01   6.1832095e-02
   1.2900000e+01   3.6098917e-02
   1.2920000e+01  -2.5877197e-03
   1.2940000e+01  -1.5647407e-03
   1.2960000e+01   2.5006654e-02
   1.2980000e+01  -3.9021327e-03
   1.3000000e+01  -1.1100992e-02
   1.3020000e+01  -5.2557081e-02
   1.3040000e+01  -3.8722385e-02
   1.3060000e+01  -2.7242927e-02
   1.3080000e+01  -1.2971844e-02
   1.3100000e+01   1.5249020e-02
   1.3120000e+01   9.6322314e-03
   1.3140000e+01  -1.3435782e-02
   1.3160000e+01  -5.2141298e-03
   1.3180000e+01  -2.5289305e-02
   1.3200000e+01  -2.8470465e-02
   1.3220000e+01  -2.1738633e-02
   1.3240000e+01  -2.3705643e-02
   1.3260000e+01  -2.3689401e-02
   1.3280000e+01  -1.5441625e-02
   1.3300000e+01  -9.6426039e-03
   1.3320000e+01   6.1905849e-03
   1.3340000e+01  -1.7390451e-02
   1.3360000e+01  -3.4354378e-02
   1.3380000e+01  -4.6436468e-02
   1.3400000e+01  -7.1090697e-02
   1.3420000e+01  -5.7824883e-02
   1.3440000e+01  -4.0260602e-02
   1.3460000e+01  -1.8912914e-02
   1.3480000e+01  -2.3209405e-03
   1.3500000e+01  -1.8106327e-02
   1.3520000e+01  -1.5006220e-02
   1.3540000e+01  -2.0026323e-02
   1.3560000e+01   1.8141763e-02
   1.3580000e+01   2.0432940e-02
   1.3600000e+01   3.7418513e-02
   1.3620000e+01   4.2788898e-02
   1.3640000e+01   4.0525936e-02
   1.3660000e+01   4.1617283e-02
   1.3680000e+01   5.6722473e-02
   1.3700000e+01   8.0564190e-02
   1.3720000e+01   7.6020339e-02
   1.3740000e+01   3.8319071e-02
   1.3760000e+01   3.4613559e-03
   1.3780000e+01  -2.2637179e-02
   1.3800000e+01  -6.1381404e-02
   1.3820000e+01   3.4120478e-02
   1.3840000e+01   3.5247430e-02
   1.3860000e+01  -1.7333639e-02
   1.3880000e+01  -7.6930340e-03
   1.3900000e+01  -4.8248364e-02
   1.3920000e+01  -4.2700204e-02
   1.3940000e+01  -9.1218893e-03
   1.3960000e+01   4.1114118e-03
   1.3980000e+01  -6.4088954e-03
   1.4000000e+01  -1.1145977e-02
   1.4020000e+01   4.3657282e-02
   1.4040000e+01   8.0554195e-02
   1.4060000e+01   1.2620735e-01
   1.4080000e+01   1.7388115e-01
   1.4100000e+01   2.1810187e-01
   1.4120000e+01   1.4032940e-01
   1.4140000e+01   1.0539980e-01
   1.4160000e+01   5.5843020e-02
   1.4180000e+01   1.8143609e-02
   1.4200000e+01   2.8758970e-02
   1.4220000e+01   2.7917625e-02
   1.4240000e+01   6.1315489e-02
   1.4260000e+01   4.0990416e-02
   1.4280000e+01   1.5129296e-02
   1.4300000e+01   1.5198243e-02
   1.4320000e+01  -4.2252454e-03
   1.4340000e+01  -1.3791452e-02
   1.4360000e+01   3.4084241e-02
   1.4380000e+01   7.4972801e-02
   1.4400000e+01   6.9633899e-02
   1.4420000e+01   9.5159541e-02
   1.4440000e+01   1.3033667e-01
   1.4460000e+01   1.6184678e-01
   1.4480000e+01   2.7171584e-02
   1.4500000e+01  -4.6702473e-02
   1.4520000e+01  -9.1133379e-02
   1.4540000e+01  -6.9401973e-02
   1.4560000e+01  -4.9723518e-02
   1.4580000e+01  -2.6100787e-02
   1.4600000e+01  -1.4117676e-03
   1.4620000e+01   1.5472543e-02
   1.4640000e+01   3.0921846e-02
   1.4660000e+01   3.0422397e-02
   1.4680000e+01  -1.0751449e-02
   1.4700000e+01  -8.7888295e-03
   1.4720000e+01  -7.4131893e-02
   1.4740000e+01  -5.3971749e-02
   1.4760000e+01  -5.5135266e-02
   1.4780000e+01  -8.6675713e-02
   1.4800000e+01  -7.6338693e-02
   1.4820000e+01  -6.6614079e-02
   1.4840000e+01  -5.8786252e-02
   1.4860000e+01  -7.7684421e-02
   1.4880000e+01  -6.5180089e-02
   1.4900000e+01  -3.1805745e-02
   1.4920000e+01  -3.8947140e-03
   1.4940000e+01   1.4898786e-02
   1.4960000e+01   7.3526737e-02
   1.4980000e+01   7.4796471e-02
   1.5000000e+01   1.8401925e-02
   1.5020000e+01  -1.5726349e-02
   1.5040000e+01  -5.8363162e-02
   1.5060000e+01  -9.5022203e-02
   1.5080000e+01  -1.2427663e-01
   1.5100000e+01  -8.8463637e-02
   1.5120000e+01  -8.4324586e-02
   1.5140000e+01  -6.5817474e-02
   1.5160000e+01  -5.4441391e-02
   1.5180000e+01  -5.8522897e-02
   1.5200000e+01  -6.9079030e-02
   1.5220000e+01  -6.6780820e-02
   1.5240000e+01  -3.2380240e-02
   1.5260000e+01  -5.8697922e-04
   1.5280000e+01   5.1412750e-02
   1.5300000e+01   7.4099563e-02
   1.5320000e+01   5.5563019e-02
   1.5340000e+01   3.5465510e-02
   1.5360000e+01   5.2354138e-03
   1.5380000e+01   6.4883841e-04
   1.5400000e+01   4.0316108e-02
   1.5420000e+01   5.4010694e-02
   1.5440000e+01   7.5584776e-02
   1.5460000e+01   5.8906539e-02
   1.5480000e+01   6.1337968e-02
   1.5500000e+01   3.6869084e-02
   1.5520000e+01   4.1031597e-02
   1.5540000e+01   3.2510412e-02
   1.5560000e+01   4.5398970e-02
   1.5580000e+01   4.5745671e-02
   1.5600000e+01   5.1614760e-02
   1.5620000e+01   5.0575042e-02
   1.5640000e+01   5.5478826e-02
   1.5660000e+01   5.1344434e-02
   1.5680000e+01   5.1374460e-02
   1.5700000e+01   4.5898598e-02
   1.5720000e+01   5.6224642e-02
   1.5740000e+01   7.1667440e-02
   1.5760000e+01   8.6320925e-02
   1.5780000e+01   1.1299564e-01
   1.5800000e+01   1.4474652e-01
   1.5820000e+01   1.4063878e-01
   1.5840000e+01   9.4825952e-02
   1.5860000e+01   6.5613658e-02
   1.5880000e+01   4.9354750e-02
   1.5900000e+01   3.0807724e-02
   1.5920000e+01   2.5660079e-02
   1.5940000e+01   1.2364705e-02
   1.5960000e+01  -1.8662095e-02
   1.5980000e+01  -5.1755664e-02
   1.6000000e+01  -2.8753536e-02
   1.6020000e+01  -2.2058411e-02
   1.6040000e+01   9.0779900e-03
   1.6060000e+01   2.2086723e-02
   1.6080000e+01   4.6383271e-02
   1.6100000e+01   5.7793709e-02
   1.6120000e+01   8.6087167e-02
   1.6140000e+01   9.8461919e-02
   1.6160000e+01   1.2615465e-01
   1.6180000e+01   1.3123498e-01
   1.6200000e+01   1.4513812e-01
   1.6220000e+01   1.0889526e-01
   1.6240000e+01   6.7981111e-02
   1.6260000e+01   2.6820832e-02
   1.6280000e+01  -1.2233386e-02
   1.6300000e+01  -2.5280212e-02
   1.6320000e+01   3.3292626e-02
   1.6340000e+01   1.9715858e-03
   1.6360000e+01  -7.4031354e-04
   1.6380000e+01  -2.9576309e-02
   1.6400000e+01  -3.9989216e-02
   1.6420000e+01  -5.9103017e-02
   1.6440000e+01  -3.8410206e-02
   1.6460000e+01  -1.9712882e-02
   1.6480000e+01   2.0561723e-03
   1.6500000e+01   2.6112212e-02
   1.6520000e+01   3.0094056e-02
   1.6540000e+01   1.0909902e-02
   1.6560000e+01   3.9960261e-05
   1.6580000e+01  -2.4059715e-02
   1.6600000e+01  -3.1319092e-02
   1.6620000e+01  -5.3652211e-02
   1.6640000e+01  -5.3695620e-02
   1.6660000e+01  -7.3606012e-02
   1.6680000e+01  -7.8182478e-02
   1.6700000e+01  -9.1635464e-02
   1.6720000e+01  -1.0207882e-01
   1.6740000e+01  -1.1680669e-01
   1.6760000e+01  -1.0960303e-01
   1.6780000e+01  -1.0741201e-01
   1.6800000e+01  -9.9064366e-02
   1.6820000e+01  -1.0088948e-01
   1.6840000e+01  -9.4374969e-02
   1.6860000e+01  -8.6849770e-02
   1.6880000e+01  -7.7396739e-02
   1.6900000e+01  -7.2753532e-02
   1.6920000e+01  -5.6511271e-02
   1.6940000e+01  -5.0897263e-02
   1.6960000e+01  -4.4994447e-02
   1.6980000e+01  -4.8521263e-02
   1.7000000e+01  -2.7557775e-02
   1.7020000e+01  -2.9587018e-02
   1.7040000e+01   5.0069942e-03
   1.7060000e+01   1.1880434e-02
   1.7080000e+01   5.1098297e-02
   1.7100000e+01  -4.1805668e-02
   1.7120000e+01  -5.3431742e-02
   1.7140000e+01  -4.6309757e-02
   1.7160000e+01  -4.9494516e-02
   1.7180000e+01  -1.9394604e-02
   1.7200000e+01   2.7595540e-03
   1.7220000e+01   3.6933960e-02
   1.7240000e+01   2.5152167e-02
   1.7260000e+01   1.9966947e-02
   1.7280000e+01   1.1627510e-02
   1.7300000e+01  -4.4304622e-03
   1.7320000e+01  -6.3139321e-03
   1.7340000e+01  -1.4201318e-02
   1.7360000e+01  -1.1145184e-02
   1.7380000e+01  -1.2660979e-02
   1.7400000e+01  -9.4471817e-04
   1.7420000e+01   9.3931531e-03
   1.7440000e+01   4.5412074e-04
   1.7460000e+01  -6.4035013e-03
   1.7480000e+01  -9.1550375e-03
   1.7500000e+01  -1.5645151e-03
   1.7520000e+01   3.2650460e-02
   1.7540000e+01   5.2822707e-02
   1.7560000e+01   8.0707129e-02
   1.7580000e+01   6.9169026e-02
   1.7600000e+01  -1.7156343e-03
   1.7620000e+01  -4.2206766e-02
   1.7640000e+01  -1.0056847e-01
   1.7660000e+01  -1.2978641e-01
   1.7680000e+01  -1.5871323e-01
   1.7700000e+01  -1.7251469e-01
   1.7720000e+01  -1.7412215e-01
   1.7740000e+01  -1.5216649e-01
   1.7760000e+01  -1.3782206e-01
   1.7780000e+01  -1.3044046e-01
   1.7800000e+01  -1.2386446e-01
   1.7820000e+01  -9.0075526e-02
   1.7840000e+01  -7.1051381e-02
   1.7860000e+01  -4.5184771e-02
   1.7880000e+01  -5.9492077e-02
   1.7900000e+01  -5.1142717e-02
   1.7920000e+01  -5.0665243e-02
   1.7940000e+01  -2.4243972e-02
   1.7960000e+01  -3.4023877e-02
   1.7980000e+01  -5.0820205e-02
   1.8000000e+01  -6.0810044e-02
   1.8020000e+01  -4.8108379e-02
   1.8040000e+01  -1.6338616e-02
   1.8060000e+01   5.6916410e-03
   1.8080000e+01   3.7359049e-02
   1.8100000e+01   6.0575146e-02
   1.8120000e+01   8.3883343e-02
   1.8140000e+01   1.0168131e-01
   1.8160000e+01   1.1913350e-01
   1.8180000e+01   1.3435125e-01
   1.8200000e+01   1.3710635e-01
   1.8220000e+01   1.4226527e-01
   1.8240000e+01   1.5030426e-01
   1.8260000e+01   1.5736272e-01
   1.8280000e+01   1.5863737e-01
   1.8300000e+01   1.5304521e-01
   1.8320000e+01   1.4069758e-01
   1.8340000e+01   1.2108719e-01
   1.8360000e+01   1.3702968e-01
   1.8380000e+01   1.5151365e-01
   1.8400000e+01   1.8172839e-01
   1.8420000e+01   1.7679011e-01
   1.8440000e+01   1.4681354e-01
   1.8460000e+01   1.1943010e-01
   1.8480000e+01   7.1872296e-02
   1.8500000e+01   4.2640686e-02
   1.8520000e+01   1.8158590e-02
   1.8540000e+01  -1.3490207e-03
   1.8560000e+01  -1.1787041e-02
   1.8580000e+01  -6.2479537e-03
   1.8600000e+01   2.3751759e-03
   1.8620000e+01   6.2420225e-03
   1.8640000e+01   1.7511112e-02
   1.8660000e+01   1.6383621e-02
   1.8680000e+01   2.3718880e-02
   1.8700000e+01   1.8465457e-02
   1.8720000e+01   2.7782490e-02
   1.8740000e+01   7.5979703e-03
   1.8760000e+01  -3.2580246e-02
   1.8780000e+01  -6.2899102e-02
   1.8800000e+01  -1.0107579e-01
   1.8820000e+01  -1.3724348e-01
   1.8840000e+01  -1.7763308e-01
   1.8860000e+01  -1.9964525e-01
   1.8880000e+01  -1.7513216e-01
   1.8900000e+01  -1.6551955e-01
   1.8920000e+01  -1.2905569e-01
   1.8940000e+01  -9.5492827e-02
   1.8960000e+01  -8.0516099e-02
   1.8980000e+01  -9.3291354e-02
   1.9000000e+01  -8.0131935e-02
   1.9020000e+01  -7.7586688e-02
   1.9040000e+01  -5.8944248e-02
   1.9060000e+01  -7.1826432e-02
   1.9080000e+01  -5.5551367e-02
   1.9100000e+01  -4.9109838e-02
   1.9120000e+01  -5.5736631e-02
   1.9140000e+01  -5.8689765e-02
   1.9160000e+01  -6.2709433e-02
   1.9180000e+01  -7.2188543e-02
   1.9200000e+01  -4.2173451e-02
   1.9220000e+01  -2.2170596e-02
   1.9240000e+01  -6.6395419e-03
   1.9260000e+01  -2.7947605e-02
   1.9280000e+01  -3.4259217e-02
   1.9300000e+01  -6.4488683e-02
   1.9320000e+01  -4.6046962e-02
   1.9340000e+01  -4.5109353e-02
   1.9360000e+01  -2.3604103e-02
   1.9380000e+01  -1.7891051e-02
   1.9400000e+01   5.6583079e-03
   1.9420000e+01   9.1446065e-03
   1.9440000e+01   3.2483145e-02
   1.9460000e+01   5.0564869e-02
   1.9480000e+01   5.8190965e-02
   1.9500000e+01   4.5407106e-02
   1.9520000e+01   3.8629610e-02
   1.9540000e+01   2.4508578e-02
   1.9560000e+01   1.5461301e-02
   1.9580000e+01  -4.4308789e-03
   1.9600000e+01  -1.4704241e-02
   1.9620000e+01  -3.9824695e-02
   1.9640000e+01  -6.0974440e-02
   1.9660000e+01  -8.9384162e-02
   1.9680000e+01  -7.9208138e-02
   1.9700000e+01  -8.3170582e-02
   1.9720000e+01  -6.4176344e-02
   1.9740000e+01  -4.5728237e-02
   1.9760000e+01  -1.3570757e-02
   1.9780000e+01   1.2346118e-02
   1.9800000e+01   4.2551600e-02
   1.9820000e+01   6.2013689e-02
   1.9840000e+01   6.9424033e-02
   1.9860000e+01   3.2299560e-02
   1.9880000e+01   2.6278477e-02
   1.9900000e+01   5.6050272e-03
   1.9920000e+01  -9.0112062e-03
   1.9940000e+01  -3.2854409e-02
   1.9960000e+01  -5.9658319e-02
   1.9980000e+01  -7.7010979e-02
   2.0000000e+01  -4.0745039e-02
   2.0020000e+01  -2.9435610e-02
   2.0040000e+01   9.8065808e-03
   2.0060000e+01   2.7204622e-02
   2.0080000e+01   7.2817321e-02
   2.0100000e+01   9.6906957e-02
   2.0120000e+01   1.3315500e-01
   2.0140000e+01   1.1411738e-01
   2.0160000e+01   1.0180453e-01
   2.0180000e+01   6.5887288e-02
   2.0200000e+01   3.5177199e-02
   2.0220000e+01   2.9373947e-03
   2.0240000e+01  -5.2398599e-03
   2.0260000e+01  -1.2580605e-03
   2.0280000e+01   1.1300565e-02
   2.0300000e+01   2.0302766e-02
   2.0320000e+01   3.8154033e-02
   2.0340000e+01   6.9662074e-02
   2.0360000e+01   1.0093892e-01
   2.0380000e+01   1.2822428e-01
   2.0400000e+01   1.4792476e-01
   2.0420000e+01   1.4510412e-01
   2.0440000e+01   1.5737852e-01
   2.0460000e+01   1.3261733e-01
   2.0480000e+01   1.1232062e-01
   2.0500000e+01   7.9740842e-02
   2.0520000e+01   4.6584244e-02
   2.0540000e+01   2.6073354e-02
   2.0560000e+01  -6.8540599e-03
   2.0580000e+01  -3.4716142e-02
   2.0600000e+01  -7.1774513e-02
   2.0620000e+01  -4.4937502e-02
   2.0640000e+01  -6.6828207e-02
   2.0660000e+01  -7.5438481e-02
   2.0680000e+01  -8.2656787e-02
   2.0700000e+01  -8.4304946e-02
   2.0720000e+01  -9.9252088e-02
   2.0740000e+01  -9.0125944e-02
   2.0760000e+01  -6.0441782e-02
   2.0780000e+01  -1.8753358e-02
   2.0800000e+01   2.8710029e-02
   2.0820000e+01   1.0583261e-01
   2.0840000e+01   1.0718021e-01
   2.0860000e+01   8.2985603e-02
   2.0880000e+01   7.3377042e-02
   2.0900000e+01   5.1977715e-02
   2.0920000e+01   2.4102599e-02
   2.0940000e+01  -1.7276619e-02
   2.0960000e+01  -5.7106573e-02
   2.0980000e+01  -4.9702978e-02
   2.1000000e+01  -6.3336404e-02
   2.1020000e+01  -4.9003553e-02
   2.1040000e+01  -6.6618554e-02
   2.1060000e+01  -6.5236268e-02
   2.1080000e+01  -7.6031145e-02
   2.1100000e+01  -4.9876932e-02
   2.1120000e+01  -2.0268149e-02
   2.1140000e+01   1.6636397e-02
   2.1160000e+01   3.3774455e-02
   2.1180000e+01   2.9083899e-02
   2.1200000e+01   2.5010066e-02
   2.1220000e+01   1.0934074e-02
   2.1240000e+01  -9.3135983e-03
   2.1260000e+01  -3.0211953e-02
   2.1280000e+01  -6.0149267e-02
   2.1300000e+01  -8.9403209e-02
   2.1320000e+01  -1.1702612e-01
   2.1340000e+01  -1.1299962e-01
   2.1360000e+01  -1.1968903e-01
   2.1380000e+01  -1.1764538e-01
   2.1400000e+01  -1.2316920e-01
   2.1420000e+01  -1.1054266e-01
   2.1440000e+01  -1.2263097e-01
   2.1460000e+01  -1.0786502e-01
   2.1480000e+01  -1.0886579e-01
   2.1500000e+01  -9.5707106e-02
   2.1520000e+01  -6.6698309e-02
   2.1540000e+01  -3.5992618e-02
   2.1560000e+01  -1.4457752e-02
   2.1580000e+01   1.2694414e-02
   2.1600000e+01  -3.6440412e-03
   2.1620000e+01  -2.0195500e-02
   2.1640000e+01  -3.3842991e-02
   2.1660000e+01  -4.9167283e-02
   2.1680000e+01  -5.1504694e-02
   2.1700000e+01  -2.7808125e-02
   2.1720000e+01  -1.8477888e-02
   2.1740000e+01   3.1844658e-03
   2.1760000e+01   1.6697661e-02
   2.1780000e+01   4.3295203e-02
   2.1800000e+01   5.5982067e-02
   2.1820000e+01   7.4280554e-02
   2.1840000e+01   5.6648221e-02
   2.1860000e+01   6.1751340e-02
   2.1880000e+01   4.6654859e-02
   2.1900000e+01   4.1441421e-02
   2.1920000e+01   2.2932954e-02
   2.1940000e+01   8.8373980e-03
   2.1960000e+01  -4.4104468e-03
   2.1980000e+01  -1.1586600e-02
   2.2000000e+01  -1.5613787e-02
   2.2020000e+01  -1.4312551e-02
   2.2040000e+01   6.7983287e-03
   2.2060000e+01   2.8750232e-02
   2.2080000e+01   4.5291088e-02
   2.2100000e+01   6.2313696e-02
   2.2120000e+01   6.0304803e-02
   2.2140000e+01   5.6437181e-02
   2.2160000e+01   6.0429405e-02
   2.2180000e+01   5.7199979e-02
   2.2200000e+01   6.1476128e-02
   2.2220000e+01   4.8955091e-02
   2.2240000e+01   2.7538405e-02
   2.2260000e+01   4.3871710e-03
   2.2280000e+01  -2.3463123e-02
   2.2300000e+01  -1.5757329e-02
   2.2320000e+01  -1.5885954e-02
   2.2340000e+01  -1.1824857e-03
   2.2360000e+01   2.7447572e-02
   2.2380000e+01   1.5267293e-02
   2.2400000e+01  -2.1100689e-02
   2.2420000e+01  -1.4562630e-02
   2.2440000e+01  -3.3422784e-02
   2.2460000e+01  -5.6424989e-02
   2.2480000e+01  -6.3495864e-02
   2.2500000e+01  -1.6884562e-02
   2.2520000e+01  -2.7029127e-02
   2.2540000e+01  -8.4062637e-05
   2.2560000e+01   8.4868775e-03
   2.2580000e+01   4.3826992e-02
   2.2600000e+01   3.4234413e-03
   2.2620000e+01  -1.0499867e-02
   2.2640000e+01  -4.3451009e-02
   2.2660000e+01  -1.0014861e-01
   2.2680000e+01  -1.0342246e-01
   2.2700000e+01  -8.5205191e-02
   2.2720000e+01  -7.5566868e-02
   2.2740000e+01  -5.6473678e-02
   2.2760000e+01  -5.0666291e-02
   2.2780000e+01  -2.6664532e-02
   2.2800000e+01  -1.9005788e-02
   2.2820000e+01   4.5993307e-03
   2.2840000e+01  -5.4024883e-04
   2.2860000e+01   7.0822396e-03
   2.2880000e+01   1.7805162e-03
   2.2900000e+01   6.9095753e-03
   2.2920000e+01  -4.0458028e-03
   2.2940000e+01  -4.5435100e-03
   2.2960000e+01  -1.7045440e-02
   2.2980000e+01  -3.0208370e-03
   2.3000000e+01   1.2362568e-02
   2.3020000e+01   1.5452682e-02
   2.3040000e+01   3.2097615e-02
   2.3060000e+01   4.4025320e-02
   2.3080000e+01   6.5798823e-02
   2.3100000e+01   7.9462626e-02
   2.3120000e+01   7.6099304e-02
   2.3140000e+01   7.6400521e-02
   2.3160000e+01   6.4640675e-02
   2.3180000e+01   5.3233514e-02
   2.3200000e+01   3.2108557e-02
   2.3220000e+01   1.0182028e-02
   2.3240000e+01   2.4210837e-03
   2.3260000e+01   1.2452963e-02
   2.3280000e+01   7.2696803e-03
   2.3300000e+01   1.2379368e-02
   2.3320000e+01   1.4752578e-02
   2.3340000e+01   1.4957799e-02
   2.3360000e+01  -6.5012527e-03
   2.3380000e+01  -2.7793524e-03
   2.3400000e+01  -1.0954226e-03
   2.3420000e+01   9.9301901e-03
   2.3440000e+01   6.1724944e-03
   2.3460000e+01   1.1039224e-03
   2.3480000e+01   3.4481430e-03
   2.3500000e+01   1.0511314e-02
   2.3520000e+01   4.7390274e-03
   2.3540000e+01   6.0192317e-03
   2.3560000e+01  -2.5162924e-03
   2.3580000e+01  -7.6716038e-03
   2.3600000e+01  -1.1148083e-02
   2.3620000e+01  -1.5854529e-02
   2.3640000e+01  -2.7830508e-02
   2.3660000e+01  -4.1805728e-02
   2.3680000e+01  -4.7084155e-02
   2.3700000e+01  -4.3430363e-02
   2.3720000e+01  -3.9476993e-02
   2.3740000e+01  -4.0698069e-03
   2.3760000e+01   2.2960677e-02
   2.3780000e+01   5.9334154e-02
   2.3800000e+01   8.2182127e-02
   2.3820000e+01   1.0441126e-01
   2.3840000e+01   1.1696724e-01
   2.3860000e+01   1.2034660e-01
   2.3880000e+01   1.3961113e-01
   2.3900000e+01   1.3523126e-01
   2.3920000e+01   1.1151417e-01
   2.3940000e+01   9.7772247e-02
   2.3960000e+01   6.7937651e-02
   2.3980000e+01   4.9175801e-02
   2.4000000e+01   1.4282167e-02
   2.4020000e+01  -6.9202090e-05
   2.4040000e+01   3.2830605e-02
   2.4060000e+01   6.2349324e-02
   2.4080000e+01   9.2995652e-02
   2.4100000e+01   1.3450985e-01
   2.4120000e+01   9.0884384e-02
   2.4140000e+01   6.8525751e-02
   2.4160000e+01   3.2093322e-02
   2.4180000e+01   3.9409242e-03
   2.4200000e+01  -4.3823611e-02
   2.4220000e+01  -2.8177544e-02
   2.4240000e+01  -1.0159459e-02
   2.4260000e+01  -7.5529694e-03
   2.4280000e+01  -4.2124631e-03
   2.4300000e+01   1.3080342e-02
   2.4320000e+01   3.7657590e-02
   2.4340000e+01   6.0394480e-02
   2.4360000e+01   9.5042990e-02
   2.4380000e+01   4.9820408e-02
   2.4400000e+01  -6.7940623e-02
   2.4420000e+01  -1.4697080e-01
   2.4440000e+01  -1.0979263e-01
   2.4460000e+01  -1.1757052e-01
   2.4480000e+01  -1.0454879e-01
   2.4500000e+01  -9.6211522e-02
   2.4520000e+01  -7.9131657e-02
   2.4540000e+01  -6.3261386e-02
   2.4560000e+01  -3.5779143e-02
   2.4580000e+01   1.3792167e-02
   2.4600000e+01   2.1615747e-02
   2.4620000e+01   2.8519061e-03
   2.4640000e+01   6.0619659e-04
   2.4660000e+01  -2.9326205e-02
   2.4680000e+01  -6.2790296e-02
   2.4700000e+01  -9.1843987e-02
   2.4720000e+01  -1.1161737e-01
   2.4740000e+01  -1.4870279e-01
   2.4760000e+01  -1.7369889e-01
   2.4780000e+01  -1.7590915e-01
   2.4800000e+01  -1.3386289e-01
   2.4820000e+01  -1.1577846e-01
   2.4840000e+01  -8.8882426e-02
   2.4860000e+01  -6.7727571e-02
   2.4880000e+01  -3.3263879e-02
   2.4900000e+01   4.8328187e-03
   2.4920000e+01   4.6100018e-02
   2.4940000e+01   7.8205179e-02
   2.4960000e+01   1.1455120e-01
   2.4980000e+01   1.4752214e-01
   2.5000000e+01   1.6797191e-01
   2.5020000e+01   1.8685081e-01
   2.5040000e+01   2.0430771e-01
   2.5060000e+01   2.2528835e-01
   2.5080000e+01   2.1351018e-01
   2.5100000e+01   1.9534645e-01
   2.5120000e+01   1.8029951e-01
   2.5140000e+01   1.4723534e-01
   2.5160000e+01   1.3732921e-01
   2.5180000e+01   1.1674341e-01
   2.5200000e+01   9.1285290e-02
   2.5220000e+01   5.5891679e-02
   2.5240000e+01   9.7592252e-02
   2.5260000e+01   1.2382892e-01
   2.5280000e+01   1.5773429e-01
   2.5300000e+01   1.7597439e-01
   2.5320000e+01   2.1078038e-01
   2.5340000e+01   1.5715226e-01
   2.5360000e+01   1.1226445e-01
   2.5380000e+01   6.4874459e-02
   2.5400000e+01   1.6674673e-02
   2.5420000e+01   2.9320751e-02
   2.5440000e+01   2.7390079e-02
   2.5460000e+01   5.0765689e-02
   2.5480000e+01   6.5705565e-02
   2.5500000e+01   8.4493576e-02
   2.5520000e+01   1.1759561e-01
   2.5540000e+01   1.3520913e-01
   2.5560000e+01   1.2156167e-01
   2.5580000e+01   1.1489544e-01
   2.5600000e+01   8.7729394e-02
   2.5620000e+01   4.4259624e-02
   2.5640000e+01   4.7358858e-03
   2.5660000e+01  -4.0094908e-02
   2.5680000e+01  -4.9067132e-02
   2.5700000e+01  -5.6763182e-02
   2.5720000e+01  -5.1174510e-02
   2.5740000e+01  -6.2656212e-02
   2.5760000e+01  -5.5502331e-02
   2.5780000e+01  -7.1530551e-02
   2.5800000e+01  -1.2158498e-03
   2.5820000e+01   3.6158941e-02
   2.5840000e+01   9.5348730e-02
   2.5860000e+01   1.1530878e-01
   2.5880000e+01   7.3431819e-02
   2.5900000e+01   4.5280387e-02
   2.5920000e+01   3.1514252e-03
   2.5940000e+01  -3.8022412e-02
   2.5960000e+01  -8.2723739e-02
   2.5980000e+01  -1.3030116e-01
   2.6000000e+01  -1.1367820e-01
   2.6020000e+01  -1.2125708e-01
   2.6040000e+01  -1.0733707e-01
   2.6060000e+01  -1.0496253e-01
   2.6080000e+01  -9.2996344e-02
   2.6100000e+01  -9.2432067e-02
   2.6120000e+01  -8.0753209e-02
   2.6140000e+01  -9.0580994e-02
   2.6160000e+01  -1.1838867e-01
   2.6180000e+01  -1.4148711e-01
   2.6200000e+01  -1.5294208e-01
   2.6220000e+01  -1.5235002e-01
   2.6240000e+01  -1.4893503e-01
   2.6260000e+01  -1.3838395e-01
   2.6280000e+01  -1.1612843e-01
   2.6300000e+01  -8.0218890e-02
   2.6320000e+01  -5.0163340e-02
   2.6340000e+01  -2.6453397e-02
   2.6360000e+01  -5.5687483e-03
   2.6380000e+01   2.8051136e-03
   2.6400000e+01   1.1757623e-02
   2.6420000e+01   1.6600463e-02
   2.6440000e+01   1.4079441e-02
   2.6460000e+01  -1.0370072e-02
   2.6480000e+01  -2.9797463e-02
   2.6500000e+01  -5.3372414e-02
   2.6520000e+01  -8.7017528e-02
   2.6540000e+01  -6.9761884e-02
   2.6560000e+01  -4.1066786e-02
   2.6580000e+01  -1.1262303e-02
   2.6600000e+01   1.8940435e-02
   2.6620000e+01   5.3206962e-02
   2.6640000e+01   5.5425545e-02
   2.6660000e+01   4.8605862e-02
   2.6680000e+01   5.6810848e-02
   2.6700000e+01   4.9525627e-02
   2.6720000e+01   4.0530353e-02
   2.6740000e+01   1.9477916e-02
   2.6760000e+01   2.2400527e-02
   2.6780000e+01   2.6452685e-02
   2.6800000e+01   1.0716616e-02
   2.6820000e+01   6.0595394e-03
   2.6840000e+01   7.0950255e-03
   2.6860000e+01   1.5927041e-02
   2.6880000e+01   2.9718424e-02
   2.6900000e+01   5.0834833e-02
   2.6920000e+01   5.4941898e-02
   2.6940000e+01   5.7907783e-02
   2.6960000e+01   5.0146789e-02
   2.6980000e+01   4.2660710e-02
   2.7000000e+01   2.5748739e-02
   2.7020000e+01   1.9791341e-02
   2.7040000e+01   3.1434144e-02
   2.7060000e+01   3.8382391e-02
   2.7080000e+01   4.9134909e-02
   2.7100000e+01   2.6560917e-02
   2.7120000e+01   2.5499264e-02
   2.7140000e+01   2.9743441e-03
   2.7160000e+01  -1.0089162e-02
   2.7180000e+01  -3.8709727e-02
   2.7200000e+01  -2.7472659e-02
   2.7220000e+01  -2.9785210e-03
   2.7240000e+01   1.2478722e-02
   2.7260000e+01   3.2775496e-02
   2.7280000e+01   1.1575347e-02
   2.7300000e+01  -6.6892966e-03
   2.7320000e+01  -2.6251266e-02
   2.7340000e+01  -5.0314641e-02
   2.7360000e+01  -7.4427082e-02
   2.7380000e+01  -9.9671123e-02
   2.7400000e+01  -9.7988999e-02
   2.7420000e+01  -9.2272107e-02
   2.7440000e+01  -7.7346741e-02
   2.7460000e+01  -6.7871152e-02
   2.7480000e+01  -5.1926185e-02
   2.7500000e+01  -5.8918025e-02
   2.7520000e+01  -5.4099974e-02
   2.7540000e+01  -5.6036845e-02
   2.7560000e+01  -4.3981884e-02
   2.7580000e+01  -2.3885039e-02
   2.7600000e+01  -1.4243148e-02
   2.7620000e+01  -1.9151526e-02
   2.7640000e+01  -2.5530710e-02
   2.7660000e+01  -4.1898772e-02
   2.7680000e+01  -5.6085111e-02
   2.7700000e+01  -5.6542965e-02
   2.7720000e+01  -5.7498750e-02
   2.7740000e+01  -5.5400909e-02
   2.7760000e+01  -4.7928583e-02
   2.7780000e+01  -3.5260869e-02
   2.7800000e+01  -2.2458095e-02
   2.7820000e+01  -2.0221632e-02
   2.7840000e+01  -2.3024411e-02
   2.7860000e+01  -2.8761978e-02
   2.7880000e+01  -3.1821521e-02
   2.7900000e+01  -2.9820119e-02
   2.7920000e+01  -2.4636745e-02
   2.7940000e+01  -1.6149929e-02
   2.7960000e+01  -1.5270328e-02
   2.7980000e+01  -2.3050803e-02
   2.8000000e+01  -3.1875409e-02
   2.8020000e+01  -4.9969369e-02
   2.8040000e+01  -5.7593702e-02
   2.8060000e+01  -5.2863149e-02
   2.8080000e+01  -5.1544983e-02
   2.8100000e+01  -4.5312821e-02
   2.8120000e+01  -3.5922002e-02
   2.8140000e+01  -2.6006586e-02
   2.8160000e+01  -1.9244903e-02
   2.8180000e+01  -3.9581208e-02
   2.8200000e+01  -4.6200737e-02
   2.8220000e+01  -6.4707977e-02
   2.8240000e+01  -4.4138691e-02
   2.8260000e+01  -2.8701242e-02
   2.8280000e+01   3.5697613e-03
   2.8300000e+01   6.5128644e-03
   2.8320000e+01  -9.5041892e-03
   2.8340000e+01  -1.0920938e-02
   2.8360000e+01  -1.8553766e-02
   2.8380000e+01  -1.8981585e-02
   2.8400000e+01  -2.3752338e-02
   2.8420000e+01   3.5558852e-04
   2.8440000e+01   2.1407057e-02
   2.8460000e+01   4.3153626e-02
   2.8480000e+01   5.6148540e-02
   2.8500000e+01   6.2294339e-02
   2.8520000e+01   7.0073594e-02
   2.8540000e+01   4.4371696e-02
   2.8560000e+01   4.4240496e-02
   2.8580000e+01   3.0109376e-02
   2.8600000e+01   2.4963563e-02
   2.8620000e+01   1.4693973e-02
   2.8640000e+01   1.6553921e-02
   2.8660000e+01   1.7974274e-02
   2.8680000e+01   1.9810648e-02
   2.8700000e+01   3.7421819e-03
   2.8720000e+01  -3.2649123e-03
   2.8740000e+01  -1.3215209e-02
   2.8760000e+01  -4.3544947e-03
   2.8780000e+01   1.1754232e-02
   2.8800000e+01   3.0730034e-02
   2.8820000e+01   4.4861284e-02
   2.8840000e+01   4.9625491e-02
   2.8860000e+01   3.5670346e-02
   2.8880000e+01   2.2787410e-02
   2.8900000e+01   6.4543320e-03
   2.8920000e+01  -6.0716949e-03
   2.8940000e+01  -2.3321150e-02
   2.8960000e+01  -2.6027216e-02
   2.8980000e+01  -2.5301711e-02
   2.9000000e+01  -2.8882999e-02
   2.9020000e+01  -3.0786669e-02
   2.9040000e+01  -3.7120090e-02
   2.9060000e+01  -4.0892244e-02
   2.9080000e+01  -4.1996794e-02
   2.9100000e+01  -3.3782734e-02
   2.9120000e+01  -2.6906041e-02
   2.9140000e+01  -3.1161396e-02
   2.9160000e+01  -2.9944547e-02
   2.9180000e+01  -3.0715671e-02
   2.9200000e+01  -3.5391475e-02
   2.9220000e+01  -3.8154842e-02
   2.9240000e+01  -4.6975710e-02
   2.9260000e+01  -4.4392297e-02
   2.9280000e+01  -3.3955510e-02
   2.9300000e+01  -2.2885547e-02
   2.9320000e+01  -2.1010052e-02
   2.9340000e+01  -2.6813221e-02
   2.9360000e+01  -2.6885651e-02
   2.9380000e+01  -2.7874157e-02
   2.9400000e+01  -2.8748882e-02
   2.9420000e+01  -2.8147847e-02
   2.9440000e+01  -9.6745311e-03
   2.9460000e+01  -4.9936205e-03
   2.9480000e+01   1.0854839e-02
   2.9500000e+01   4.6409889e-03
   2.9520000e+01  -8.6671785e-03
   2.9540000e+01  -1.5913362e-02
   2.9560000e+01  -1.5532972e-02
   2.9580000e+01   1.0487629e-03
   2.9600000e+01   1.2408782e-02
   2.9620000e+01   2.8861487e-02
   2.9640000e+01   4.4593833e-02
   2.9660000e+01   6.5892999e-02
   2.9680000e+01   7.9108369e-02
   2.9700000e+01   8.6624797e-02
   2.9720000e+01   8.8191148e-02
   2.9740000e+01   9.0670152e-02
   2.9760000e+01   8.5823175e-02
   2.9780000e+01   7.8073087e-02
   2.9800000e+01   6.6919225e-02
   2.9820000e+01   5.7926449e-02
   2.9840000e+01   4.5523425e-02
   2.9860000e+01   3.8246400e-02
   2.9880000e+01   2.5934059e-02
   2.9900000e+01   2.1093687e-02
   2.9920000e+01   1.2808773e-02
   2.9940000e+01   1.0652592e-02
   2.9960000e+01   9.2697078e-03
   2.9980000e+01   1.0737846e-02
   3.0000000e+01   8.4560260e-03
   3.0020000e+01   1.9732183e-02
   3.0040000e+01   3.1599041e-02
   3.0060000e+01   3.7160732e-02
   3.0080000e+01   4.0274333e-02
   3.0100000e+01   4.5940561e-02
   3.0120000e+01   3.9691628e-02
   3.0140000e+01   2.9410140e-02
   3.0160000e+01   2.3816240e-02
   3.0180000e+01   2.7395984e-02
   3.0200000e+01   2.7989645e-02
   3.0220000e+01   2.8465260e-02
   3.0240000e+01   9.5477918e-03
   3.0260000e+01  -4.7110540e-03
   3.0280000e+01  -1.8236921e-02
   3.0300000e+01  -2.4402397e-02
   3.0320000e+01  -3.7795744e-02
   3.0340000e+01  -4.7641777e-02
   3.0360000e+01  -6.3441284e-02
   3.0380000e+01  -6.1916324e-02
   3.0400000e+01  -6.3762134e-02
   3.0420000e+01  -5.6626876e-02
   3.0440000e+01  -5.0306756e-02
   3.0460000e+01  -3.7816586e-02
   3.0480000e+01  -3.3120355e-02
   3.0500000e+01  -2.6840503e-02
   3.0520000e+01  -2.2438032e-02
   3.0540000e+01  -1.6006989e-02
   3.0560000e+01  -1.0398256e-02
   3.0580000e+01  -4.9254452e-03
   3.0600000e+01  -4.6867660e-03
   3.0620000e+01  -8.6893543e-03
   3.0640000e+01  -1.3040704e-02
   3.0660000e+01  -1.5241090e-02
   3.0680000e+01  -2.6531106e-02
   3.0700000e+01  -3.5564064e-02
   3.0720000e+01  -4.4675525e-02
   3.0740000e+01  -4.6923904e-02
   3.0760000e+01  -4.8354164e-02
   3.0780000e+01  -4.5196473e-02
   3.0800000e+01  -4.3924999e-02
   3.0820000e+01  -3.8206815e-02
   3.0840000e+01  -3.1100792e-02
   3.0860000e+01  -8.0702187e-03
   3.0880000e+01   1.8513130e-03
   3.0900000e+01   1.8814154e-02
   3.0920000e+01   3.3070030e-02
   3.0940000e+01   5.2836875e-02
   3.0960000e+01   4.3672282e-02
   3.0980000e+01   4.4637779e-02
   3.1000000e+01   3.6392129e-02
   3.1020000e+01   3.0910292e-02
   3.1040000e+01   1.8276082e-02
   3.1060000e+01   9.1863846e-03
   3.1080000e+01   7.7061770e-03
   3.1100000e+01   1.0444640e-02
   3.1120000e+01   5.2135117e-03
   3.1140000e+01   1.9118473e-03
   3.1160000e+01  -6.1133009e-03
   3.1180000e+01  -1.0947883e-02
   3.1200000e+01  -8.4968331e-03
   3.1220000e+01  -7.5760167e-03
   3.1240000e+01  -6.6134044e-03
   3.1260000e+01  -1.5170008e-02
   3.1280000e+01  -1.4169002e-02
   3.1300000e+01  -1.4611164e-02
   3.1320000e+01  -1.7483794e-02
   3.1340000e+01  -2.3965588e-02
   3.1360000e+01  -2.3271783e-02
   3.1380000e+01  -1.8792482e-02
   3.1400000e+01  -1.4952433e-02
   3.1420000e+01  -9.9558291e-03
   3.1440000e+01  -1.1669785e-02
   3.1460000e+01  -1.2615888e-02
   3.1480000e+01  -1.1282441e-02
   3.1500000e+01  -1.0819851e-02
   3.1520000e+01  -1.1120449e-02
   3.1540000e+01  -1.0619358e-02
   3.1560000e+01  -4.4364928e-03
   3.1580000e+01  -6.8906786e-03
   3.1600000e+01  -1.5851586e-02
   3.1620000e+01  -1.9906817e-02
   3.1640000e+01  -2.5430157e-02
   3.1660000e+01  -1.3459034e-02
   3.1680000e+01  -7.8864270e-03
   3.1700000e+01   2.8032320e-03
   3.1720000e+01   7.0794019e-03
   3.1740000e+01   8.8822974e-04
   3.1760000e+01   2.6963991e-03
   3.1780000e+01  -2.7837229e-03
   3.1800000e+01  -2.5968769e-03
   3.1820000e+01   2.9094699e-03
   3.1840000e+01   1.0392749e-02
   3.1860000e+01   1.3811337e-03
   3.1880000e+01  -1.0443861e-02
   3.1900000e+01  -2.1552825e-02
   3.1920000e+01  -1.1099324e-02
   3.1940000e+01  -9.8505708e-03
   3.1960000e+01  -1.0140118e-03
   3.1980000e+01   1.4342055e-03
   3.2000000e+01   8.9461821e-03
   3.2020000e+01   1.4094010e-02
   3.2040000e+01   2.3702099e-02
   3.2060000e+01   1.3594619e-02
   3.2080000e+01   7.9309634e-03
   3.2100000e+01  -4.8516713e-04
   3.2120000e+01  -5.5047642e-03
   3.2140000e+01  -8.0348532e-03
   3.2160000e+01  -5.6353255e-03
   3.2180000e+01  -5.2625007e-03
   3.2200000e+01  -8.7738020e-04
   3.2220000e+01   1.8324827e-03
   3.2240000e+01   9.7556199e-03
   3.2260000e+01   1.8861547e-02
   3.2280000e+01   2.7336192e-02
   3.2300000e+01   3.8483995e-02
   3.2320000e+01   3.9343223e-02
   3.2340000e+01   2.7937676e-02
   3.2360000e+01   2.1505396e-02
   3.2380000e+01   1.0892048e-02
   3.2400000e+01   2.6493936e-03
   3.2420000e+01  -5.3845067e-03
   3.2440000e+01  -3.6974974e-03
   3.2460000e+01  -5.7153446e-03
   3.2480000e+01  -4.5327614e-03
   3.2500000e+01  -5.8577545e-03
   3.2520000e+01   4.7793025e-03
   3.2540000e+01   1.1479575e-02
   3.2560000e+01   2.6463382e-02
   3.2580000e+01   2.9868649e-02
   3.2600000e+01   2.3380942e-02
   3.2620000e+01   1.9504357e-02
   3.2640000e+01   1.0922323e-02
   3.2660000e+01   1.1516255e-02
   3.2680000e+01   7.9623525e-03
   3.2700000e+01   5.5362517e-03
   3.2720000e+01   3.9726992e-03
   3.2740000e+01   6.3503160e-03
   3.2760000e+01   1.1375678e-02
   3.2780000e+01   1.0105831e-02
   3.2800000e+01   3.8045247e-03
   3.2820000e+01   3.9957137e-04
   3.2840000e+01  -8.0674582e-03
   3.2860000e+01  -2.4228259e-03
   3.2880000e+01  -3.0490454e-03
   3.2900000e+01   1.8388715e-03
   3.2920000e+01   6.1930147e-04
   3.2940000e+01  -1.1262661e-03
   3.2960000e+01  -2.6794855e-03
   3.2980000e+01  -9.6530246e-04
   3.3000000e+01   4.5212366e-03
   3.3020000e+01   9.2781750e-03
   3.3040000e+01   1.1658875e-02
   3.3060000e+01   1.7856979e-02
   3.3080000e+01   2.5246058e-02
   3.3100000e+01   3.4044113e-02
   3.3120000e+01   3.3326836e-02
   3.3140000e+01   2.6739536e-02
   3.3160000e+01   2.2240022e-02
   3.3180000e+01   1.4652019e-02
   3.3200000e+01   1.5925003e-02
   3.3220000e+01   1.2211998e-02
   3.3240000e+01   6.3557683e-03
   3.3260000e+01   1.5245597e-03
   3.3280000e+01   2.2065470e-03
   3.3300000e+01   1.6951526e-03
   3.3320000e+01   7.7504326e-04
   3.3340000e+01   2.3963172e-03
   3.3360000e+01   9.6231404e-03
   3.3380000e+01   1.3403206e-02
   3.3400000e+01   2.0568781e-02
   3.3420000e+01   2.5821328e-02
   3.3440000e+01   3.3181239e-02
   3.3460000e+01   3.7277916e-02
   3.3480000e+01   4.1218550e-02
   3.3500000e+01   4.3306830e-02
   3.3520000e+01   4.1274368e-02
   3.3540000e+01   3.7777050e-02
   3.3560000e+01   3.3644251e-02
   3.3580000e+01   2.6745634e-02
   3.3600000e+01   2.3132490e-02
   3.3620000e+01   1.7281916e-02
   3.3640000e+01   1.7222163e-02
   3.3660000e+01   1.6134549e-02
   3.3680000e+01   1.1890995e-02
   3.3700000e+01   2.2399731e-03
   3.3720000e+01  -2.4451264e-03
   3.3740000e+01  -8.8572349e-03
   3.3760000e+01  -1.2890798e-02
   3.3780000e+01  -1.8177842e-02
   3.3800000e+01  -1.5854039e-02
   3.3820000e+01  -1.2957316e-02
   3.3840000e+01  -6.8614108e-03
   3.3860000e+01  -3.0712153e-03
   3.3880000e+01   6.2070630e-03
   3.3900000e+01  -1.1476118e-03
   3.3920000e+01  -1.3828711e-04
   3.3940000e+01  -5.0431317e-03
   3.3960000e+01  -2.5875595e-03
   3.3980000e+01  -5.5694751e-03
   3.4000000e+01  -3.5887565e-03
   3.4020000e+01  -3.1288558e-03
   3.4040000e+01  -7.5437922e-04
   3.4060000e+01  -8.8002483e-03
   3.4080000e+01  -9.0084683e-03
   3.4100000e+01  -1.3472864e-02
   3.4120000e+01  -1.3857407e-02
   3.4140000e+01  -1.8199613e-02
   3.4160000e+01  -1.0711312e-02
   3.4180000e+01  -8.7983416e-03
   3.4200000e+01  -2.8655361e-03
   3.4220000e+01   9.9849544e-04
   3.4240000e+01   8.4418359e-03
   3.4260000e+01   1.5608558e-02
   3.4280000e+01   2.5675216e-02
   3.4300000e+01   3.5017897e-02
   3.4320000e+01   4.3756570e-02
   3.4340000e+01   4.6312472e-02
   3.4360000e+01   5.1351613e-02
   3.4380000e+01   5.5153777e-02
   3.4400000e+01   6.0630197e-02
   3.4420000e+01   6.0858067e-02
   3.4440000e+01   5.5209114e-02
   3.4460000e+01   4.8371857e-02
   3.4480000e+01   4.0441446e-02
   3.4500000e+01   3.4665178e-02
   3.4520000e+01   3.0338704e-02
   3.4540000e+01   2.5853976e-02
   3.4560000e+01   2.2054430e-02
   3.4580000e+01   2.0195206e-02
   3.4600000e+01   1.7504446e-02
   3.4620000e+01   1.8482399e-02
   3.4640000e+01   2.3156850e-02
   3.4660000e+01   2.7825939e-02
   3.4680000e+01   3.0478432e-02
   3.4700000e+01   2.8165985e-02
   3.4720000e+01   2.4967617e-02
   3.4740000e+01   2.1886532e-02
   3.4760000e+01   2.1295012e-02
   3.4780000e+01   2.3509552e-02
   3.4800000e+01   1.5186587e-02
   3.4820000e+01   8.2928550e-03
   3.4840000e+01   7.8582455e-04
   3.4860000e+01  -4.0948841e-03
   3.4880000e+01  -1.0469170e-02
   3.4900000e+01  -1.5809367e-02
   3.4920000e+01  -2.0138876e-02
   3.4940000e+01  -1.9455061e-02
   3.4960000e+01  -2.2526245e-02
   3.4980000e+01  -2.5399352e-02
   3.5000000e+01  -2.9892237e-02
   3.5020000e+01  -2.7870734e-02
   3.5040000e+01  -1.9336001e-02
   3.5060000e+01  -1.7911865e-02
   3.5080000e+01  -1.6869794e-02
   3.5100000e+01  -1.5092195e-02
   3.5120000e+01  -1.3675424e-02
   3.5140000e+01  -1.0413324e-02
   3.5160000e+01  -1.0677949e-02
   3.5180000e+01  -1.0612049e-02
   3.5200000e+01  -1.0669458e-02
   3.5220000e+01  -1.2020510e-02
   3.5240000e+01  -7.5010426e-03
   3.5260000e+01  -7.0532305e-03
   3.5280000e+01  -4.7606210e-03
   3.5300000e+01  -3.7952087e-03
   3.5320000e+01  -3.2579456e-03
   3.5340000e+01  -5.2036650e-03
   3.5360000e+01  -1.3658397e-02
   3.5380000e+01  -1.9557148e-02
   3.5400000e+01  -2.5438900e-02
   3.5420000e+01  -2.5203308e-02
   3.5440000e+01  -2.4829961e-02
   3.5460000e+01  -2.0842486e-02
   3.5480000e+01  -1.8087344e-02
   3.5500000e+01  -1.2451462e-02
   3.5520000e+01  -7.3522519e-03
   3.5540000e+01  -4.9602012e-03
   3.5560000e+01  -3.9182661e-03
   3.5580000e+01  -4.6031902e-03
   3.5600000e+01  -5.0240952e-03
   3.5620000e+01  -3.8721308e-03
   3.5640000e+01  -5.5252130e-03
   3.5660000e+01  -7.2418563e-03
   3.5680000e+01  -1.5949474e-02
   3.5700000e+01  -2.3498924e-02
   3.5720000e+01  -3.3791777e-02
   3.5740000e+01  -4.2434636e-02
   3.5760000e+01  -4.9429511e-02
   3.5780000e+01  -4.4627691e-02
   3.5800000e+01  -4.3465805e-02
   3.5820000e+01  -3.7948236e-02
   3.5840000e+01  -3.5751470e-02
   3.5860000e+01  -3.4662580e-02
   3.5880000e+01  -3.2621145e-02
   3.5900000e+01  -3.1950134e-02
   3.5920000e+01  -2.9188560e-02
   3.5940000e+01  -2.9090257e-02
   3.5960000e+01  -3.0856744e-02
   3.5980000e+01  -3.2830926e-02
   3.6000000e+01  -3.6739006e-02
   3.6020000e+01  -3.9995912e-02
   3.6040000e+01  -4.3649898e-02
   3.6060000e+01  -4.6312417e-02
   3.6080000e+01  -4.3064837e-02
   3.6100000e+01  -4.0850074e-02
   3.6120000e+01  -3.2402014e-02
   3.6140000e+01  -2.5658135e-02
   3.6160000e+01  -1.6656184e-02
   3.6180000e+01  -8.8641892e-03
   3.6200000e+01  -5.1678151e-03
   3.6220000e+01  -3.9859045e-03
   3.6240000e+01  -5.4327937e-03
   3.6260000e+01  -5.8142062e-03
   3.6280000e+01  -7.8925856e-03
   3.6300000e+01  -8.8612271e-03
   3.6320000e+01  -1.1884494e-02
   3.6340000e+01  -1.1945313e-02
   3.6360000e+01  -1.3732384e-02
   3.6380000e+01  -5.6343972e-03
   3.6400000e+01  -2.2734107e-03
   3.6420000e+01   1.2220191e-03
   3.6440000e+01   4.8941604e-03
   3.6460000e+01   9.2325231e-03
   3.6480000e+01   1.2246062e-02
   3.6500000e+01   1.3941491e-02
   3.6520000e+01   1.5649925e-02
   3.6540000e+01   1.8459380e-02
   3.6560000e+01   1.8109023e-02
   3.6580000e+01   1.7469087e-02
   3.6600000e+01   1.5629626e-02
   3.6620000e+01   1.1818523e-02
   3.6640000e+01   8.3797593e-03
   3.6660000e+01   5.9341989e-03
   3.6680000e+01   3.4851868e-03
   3.6700000e+01   7.5693567e-04
   3.6720000e+01  -2.3701552e-03
   3.6740000e+01  -4.0150525e-03
   3.6760000e+01  -6.8062767e-03
   3.6780000e+01  -8.3181260e-03
   3.6800000e+01  -8.9846062e-03
   3.6820000e+01  -7.6078971e-03
   3.6840000e+01  -6.4277479e-03
   3.6860000e+01  -7.3581671e-03
   3.6880000e+01  -8.1882247e-03
   3.6900000e+01  -1.1213112e-02
   3.6920000e+01  -1.4514579e-02
   3.6940000e+01  -1.6480655e-02
   3.6960000e+01  -1.8354200e-02
   3.6980000e+01  -1.9188971e-02
   3.7000000e+01  -2.0138649e-02
   3.7020000e+01  -2.0524881e-02
   3.7040000e+01  -2.4004330e-02
   3.7060000e+01  -2.8291742e-02
   3.7080000e+01  -3.2959707e-02
   3.7100000e+01  -3.6764888e-02
   3.7120000e+01  -4.0756528e-02
   3.7140000e+01  -4.3962436e-02
   3.7160000e+01  -4.3404561e-02
   3.7180000e+01  -4.2933147e-02
   3.7200000e+01  -4.1653287e-02
   3.7220000e+01  -4.0422363e-02
   3.7240000e+01  -3.7913433e-02
   3.7260000e+01  -3.2641601e-02
   3.7280000e+01  -2.9350386e-02
   3.7300000e+01  -1.7515364e-02
   3.7320000e+01  -1.1648514e-02
   3.7340000e+01  -9.3386081e-03
   3.7360000e+01  -1.0115494e-02
   3.7380000e+01  -1.0491655e-02
   3.7400000e+01  -1.0661596e-02
   3.7420000e+01  -1.2080971e-02
   3.7440000e+01  -1.1057094e-02
   3.7460000e+01  -1.3715075e-02
   3.7480000e+01  -1.4881719e-02
   3.7500000e+01  -1.8077937e-02
   3.7520000e+01  -1.3779706e-02
   3.7540000e+01  -5.3044720e-03
   3.7560000e+01   1.1722332e-03
   3.7580000e+01   1.1749276e-02
   3.7600000e+01   1.7686647e-02
   3.7620000e+01   1.7344017e-02
   3.7640000e+01   1.9192635e-02
   3.7660000e+01   2.1209019e-02
   3.7680000e+01   2.3230281e-02
   3.7700000e+01   2.4025290e-02
   3.7720000e+01   2.9720019e-02
   3.7740000e+01   3.4037454e-02
   3.7760000e+01   4.0260855e-02
   3.7780000e+01   4.2856325e-02
   3.7800000e+01   4.5630033e-02
   3.7820000e+01   4.7091423e-02
   3.7840000e+01   4.9287022e-02
   3.7860000e+01   4.9683494e-02
   3.7880000e+01   5.0438640e-02
   3.7900000e+01   4.7845879e-02
   3.7920000e+01   4.5724906e-02
   3.7940000e+01   4.1447016e-02
   3.7960000e+01   3.8854326e-02
   3.7980000e+01   3.4806005e-02
   3.8000000e+01   3.1308291e-02
   3.8020000e+01   2.7494969e-02
   3.8040000e+01   3.0901589e-02
   3.8060000e+01   3.3284867e-02
   3.8080000e+01   3.7419385e-02
   3.8100000e+01   4.1270882e-02
   3.8120000e+01   3.8672771e-02
   3.8140000e+01   3.5382300e-02
   3.8160000e+01   3.2494174e-02
   3.8180000e+01   2.8108030e-02
   3.8200000e+01   2.4625874e-02
   3.8220000e+01   1.8673363e-02
   3.8240000e+01   1.6322655e-02
   3.8260000e+01   1.3036752e-02
   3.8280000e+01   1.0272168e-02
   3.8300000e+01   8.1289905e-03
   3.8320000e+01   6.3297157e-03
   3.8340000e+01   4.4292387e-03
   3.8360000e+01   1.6374200e-03
   3.8380000e+01  -5.2876264e-03
   3.8400000e+01  -9.9992911e-03
   3.8420000e+01  -1.3854960e-02
   3.8440000e+01  -1.4400893e-02
   3.8460000e+01  -1.6624916e-02
   3.8480000e+01  -1.6213129e-02
   3.8500000e+01  -1.7312624e-02
   3.8520000e+01  -1.5607070e-02
   3.8540000e+01  -1.2687778e-02
   3.8560000e+01  -1.0200867e-02
   3.8580000e+01  -9.5372814e-03
   3.8600000e+01  -6.9750707e-03
   3.8620000e+01  -6.4103180e-03
   3.8640000e+01  -6.6654630e-03
   3.8660000e+01  -7.1205774e-03
   3.8680000e+01  -8.0403067e-03
   3.8700000e+01  -8.9979762e-03
   3.8720000e+01  -1.0969648e-02
   3.8740000e+01  -1.1651704e-02
   3.8760000e+01  -9.3526888e-03
   3.8780000e+01  -8.1399801e-03
   3.8800000e+01   1.1110394e-04
   3.8820000e+01   2.7331301e-03
   3.8840000e+01   7.8116729e-03
   3.8860000e+01   9.1250889e-03
   3.8880000e+01   1.0761299e-02
   3.8900000e+01   1.2363093e-02
   3.8920000e+01   1.5770656e-02
   3.8940000e+01   2.0496577e-02
   3.8960000e+01   2.4621010e-02
   3.8980000e+01   2.6330510e-02
   3.9000000e+01   2.7434408e-02
   3.9020000e+01   2.7880637e-02
   3.9040000e+01   2.8508336e-02
   3.9060000e+01   2.9716857e-02
   3.9080000e+01   2.8226048e-02
   3.9100000e+01   2.4760529e-02
   3.9120000e+01   2.1711279e-02
   3.9140000e+01   2.2827623e-02
   3.9160000e+01   2.5103471e-02
   3.9180000e+01   2.6333144e-02
   3.9200000e+01   2.8689773e-02
   3.9220000e+01   3.0890946e-02
   3.9240000e+01   3.2912966e-02
   3.9260000e+01   3.3547436e-02
   3.9280000e+01   3.2353165e-02
   3.9300000e+01   3.1451172e-02
   3.9320000e+01   2.8932530e-02
   3.9340000e+01   2.9371778e-02
   3.9360000e+01   3.0283056e-02
   3.9380000e+01   2.8316531e-02
   3.9400000e+01   2.6133228e-02
   3.9420000e+01   2.4798871e-02
   3.9440000e+01   2.2482284e-02
   3.9460000e+01   2.1752946e-02
   3.9480000e+01   2.2644039e-02
   3.9500000e+01   2.3735073e-02
   3.9520000e+01   2.4942527e-02
   3.9540000e+01   2.6409246e-02
   3.9560000e+01   2.4889747e-02
   3.9580000e+01   2.2055766e-02
   3.9600000e+01   1.8133413e-02
   3.9620000e+01   1.4116229e-02
   3.9640000e+01   1.0667543e-02
   3.9660000e+01   9.6310266e-03
   3.9680000e+01   1.0299760e-02
   3.9700000e+01   1.0667426e-02
   3.9720000e+01   1.2895939e-02
   3.9740000e+01   1.5836996e-02
   3.9760000e+01   1.7011378e-02
   3.9780000e+01   1.4926319e-02
   3.9800000e+01   1.3155840e-02
   3.9820000e+01   1.1161285e-02
   3.9840000e+01   8.1150690e-03
   3.9860000e+01   9.8470213e-03
   3.9880000e+01   9.6168688e-03
   3.9900000e+01   1.0656503e-02
   3.9920000e+01   4.5990912e-03
   3.9940000e+01   8.6638970e-04
   3.9960000e+01  -4.6866920e-03
   3.9980000e+01  -1.0233490e-02
   4.0000000e+01  -1.4180673e-02
   4.0020000e+01  -1.5330490e-02
   4.0040000e+01  -1.8882228e-02
   4.0060000e+01  -2.0793726e-02
   4.0080000e+01  -2.2557989e-02
   4.0100000e+01  -2.2573890e-02
   4.0120000e+01  -2.6016804e-02
   4.0140000e+01  -2.6860428e-02
   4.0160000e+01  -2.8401667e-02
   4.0180000e+01  -2.7580147e-02
   4.0200000e+01  -2.7446820e-02
   4.0220000e+01  -2.6005982e-02
   4.0240000e+01  -2.5534972e-02
   4.0260000e+01  -2.2585353e-02
   4.0280000e+01  -2.1327519e-02
   4.0300000e+01  -1.9270105e-02
   4.0320000e+01  -1.9970344e-02
   4.0340000e+01  -2.3495611e-02
   4.0360000e+01  -2.6673187e-02
   4.0380000e+01  -2.9303388e-02
   4.0400000e+01  -3.1756611e-02
   4.0420000e+01  -3.1051223e-02
   4.0440000e+01  -3.0464491e-02
   4.0460000e+01  -2.7321965e-02
   4.0480000e+01  -2.5448209e-02
   4.0500000e+01  -2.2174173e-02
   4.0520000e+01  -1.9597207e-02
   4.0540000e+01  -1.4746739e-02
   4.0560000e+01  -1.1021795e-02
   4.0580000e+01  -8.6650457e-03
   4.0600000e+01  -8.3555016e-03
   4.0620000e+01  -7.9901151e-03
   4.0640000e+01  -8.6466457e-03
   4.0660000e+01  -9.8530061e-03
   4.0680000e+01  -1.3565240e-02
   4.0700000e+01  -1.5504169e-02
   4.0720000e+01  -1.7037937e-02
   4.0740000e+01  -1.3270601e-02
   4.0760000e+01  -1.0968032e-02
   4.0780000e+01  -7.0520691e-03
   4.0800000e+01  -4.8713096e-03
   4.0820000e+01  -6.3239147e-04
   4.0840000e+01   2.5834012e-03
   4.0860000e+01   6.6320321e-03
   4.0880000e+01   7.0524865e-03
   4.0900000e+01   7.3069254e-03
   4.0920000e+01   8.9719785e-03
   4.0940000e+01   1.0560063e-02
   4.0960000e+01   1.1347983e-02
   4.0980000e+01   1.2098050e-02
   4.1000000e+01   1.1766536e-02
   4.1020000e+01   1.3224290e-02
   4.1040000e+01   1.4386934e-02
   4.1060000e+01   1.6428430e-02
   4.1080000e+01   1.8117122e-02
   4.1100000e+01   2.0265022e-02
   4.1120000e+01   2.4063978e-02
   4.1140000e+01   2.6149199e-02
   4.1160000e+01   2.8676191e-02
   4.1180000e+01   2.8028346e-02
   4.1200000e+01   2.8016797e-02
   4.1220000e+01   2.6452930e-02
   4.1240000e+01   2.5380181e-02
   4.1260000e+01   2.6375654e-02
   4.1280000e+01   2.7094195e-02
   4.1300000e+01   2.7285969e-02
   4.1320000e+01   2.4694774e-02
   4.1340000e+01   2.3272937e-02
   4.1360000e+01   2.1444088e-02
   4.1380000e+01   2.0878690e-02
   4.1400000e+01   1.7487227e-02
   4.1420000e+01   1.3176753e-02
   4.1440000e+01   8.9996889e-03
   4.1460000e+01   4.3180880e-03
   4.1480000e+01   2.5840925e-03
   4.1500000e+01  -4.4091874e-04
   4.1520000e+01  -3.6901859e-03
   4.1540000e+01  -7.2122622e-03
   4.1560000e+01  -8.0066660e-03
   4.1580000e+01  -1.0675135e-02
   4.1600000e+01  -1.2023576e-02
   4.1620000e+01  -1.2076317e-02
   4.1640000e+01  -1.1442544e-02
   4.1660000e+01  -1.2913911e-02
   4.1680000e+01  -1.4894881e-02
   4.1700000e+01  -1.6712711e-02
   4.1720000e+01  -1.8014725e-02
   4.1740000e+01  -1.8493682e-02
   4.1760000e+01  -1.8685289e-02
   4.1780000e+01  -1.8308263e-02
   4.1800000e+01  -2.0926996e-02
   4.1820000e+01  -2.1581955e-02
   4.1840000e+01  -2.3317745e-02
   4.1860000e+01  -2.3748390e-02
   4.1880000e+01  -2.6867370e-02
   4.1900000e+01  -2.7518022e-02
   4.1920000e+01  -2.6598672e-02
   4.1940000e+01  -2.5135311e-02
   4.1960000e+01  -2.3127809e-02
   4.1980000e+01  -2.0847294e-02
   4.2000000e+01  -1.8233812e-02
   4.2020000e+01  -1.3533154e-02
   4.2040000e+01  -1.0692800e-02
   4.2060000e+01  -2.1486148e-03
   4.2080000e+01   4.4303194e-03
   4.2100000e+01   1.2749529e-02
   4.2120000e+01   1.5170828e-02
   4.2140000e+01   1.9914712e-02
   4.2160000e+01   2.2044034e-02
   4.2180000e+01   2.5445447e-02
   4.2200000e+01   2.7876339e-02
   4.2220000e+01   2.9985126e-02
   4.2240000e+01   3.1706599e-02
   4.2260000e+01   3.4029765e-02
   4.2280000e+01   3.7946370e-02
   4.2300000e+01   4.2098930e-02
   4.2320000e+01   4.6157248e-02
   4.2340000e+01   5.0496506e-02
   4.2360000e+01   5.3964059e-02
   4.2380000e+01   5.7964286e-02
   4.2400000e+01   6.0775026e-02
   4.2420000e+01   6.3537217e-02
   4.2440000e+01   6.2326398e-02
   4.2460000e+01   6.1473861e-02
   4.2480000e+01   5.9348406e-02
   4.2500000e+01   5.7622068e-02
   4.2520000e+01   5.4409112e-02
   4.2540000e+01   5.1067610e-02
   4.2560000e+01   4.6076703e-02
   4.2580000e+01   4.1499242e-02
   4.2600000e+01   3.5837159e-02
   4.2620000e+01   3.2417973e-02
   4.2640000e+01   2.9898290e-02
   4.2660000e+01   2.6992674e-02
   4.2680000e+01   2.2399129e-02
   4.2700000e+01   1.6780992e-02
   4.2720000e+01   1.2428312e-02
   4.2740000e+01   7.6479879e-03
   4.2760000e+01   2.9707905e-03
   4.2780000e+01  -7.1350406e-04
   4.2800000e+01  -3.6477924e-03
   4.2820000e+01  -7.2597085e-03
   4.2840000e+01  -9.5832137e-03
   4.2860000e+01  -1.2709591e-02
   4.2880000e+01  -1.5290926e-02
   4.2900000e+01  -2.1440733e-02
   4.2920000e+01  -2.6772075e-02
   4.2940000e+01  -3.2901545e-02
   4.2960000e+01  -3.7491277e-02
   4.2980000e+01  -4.0409168e-02
   4.3000000e+01  -4.2927480e-02
   4.3020000e+01  -4.6109350e-02
   4.3040000e+01  -4.8193069e-02
   4.3060000e+01  -5.0221774e-02
   4.3080000e+01  -5.0950024e-02
   4.3100000e+01  -5.1789984e-02
   4.3120000e+01  -5.1241689e-02
   4.3140000e+01  -4.9610624e-02
   4.3160000e+01  -4.8617649e-02
   4.3180000e+01  -4.6919451e-02
   4.3200000e+01  -4.7265180e-02
   4.3220000e+01  -4.6514346e-02
   4.3240000e+01  -4.5780741e-02
   4.3260000e+01  -4.4759236e-02
   4.3280000e+01  -4.2385780e-02
   4.3300000e+01  -3.8471023e-02
   4.3320000e+01  -3.3736561e-02
   4.3340000e+01  -2.7668405e-02
   4.3360000e+01  -2.3173195e-02
   4.3380000e+01  -1.7138457e-02
   4.3400000e+01  -1.3128245e-02
   4.3420000e+01  -8.2357528e-03
   4.3440000e+01  -5.3632309e-03
   4.3460000e+01  -3.4533334e-03
   4.3480000e+01  -1.0405601e-03
   4.3500000e+01   1.1779896e-03
   4.3520000e+01   4.4557354e-03
   4.3540000e+01   9.7464764e-03
   4.3560000e+01   1.3326219e-02
   4.3580000e+01   1.7855273e-02
   4.3600000e+01   2.1043590e-02
   4.3620000e+01   2.4573168e-02
   4.3640000e+01   2.4715374e-02
   4.3660000e+01   2.5338842e-02
   4.3680000e+01   2.3211832e-02
   4.3700000e+01   2.2429559e-02
   4.3720000e+01   2.0116336e-02
   4.3740000e+01   2.0391318e-02
   4.3760000e+01   1.9470010e-02
   4.3780000e+01   1.8685846e-02
   4.3800000e+01   1.6779634e-02
   4.3820000e+01   1.4959652e-02
   4.3840000e+01   1.2982003e-02
   4.3860000e+01   1.3476420e-02
   4.3880000e+01   1.2887817e-02
   4.3900000e+01   1.3681125e-02
   4.3920000e+01   1.0870549e-02
   4.3940000e+01   7.9729047e-03
   4.3960000e+01   3.3736865e-03
   4.3980000e+01  -1.0762606e-03
   4.4000000e+01  -6.8583548e-03
   4.4020000e+01  -8.3172076e-03
   4.4040000e+01  -1.0208883e-02
   4.4060000e+01  -1.0933186e-02
   4.4080000e+01  -1.1146149e-02
   4.4100000e+01  -1.0514801e-02
   4.4120000e+01  -9.5217535e-03
   4.4140000e+01  -1.2181932e-02
   4.4160000e+01  -1.3699442e-02
   4.4180000e+01  -1.5314342e-02
   4.4200000e+01  -1.3353115e-02
   4.4220000e+01  -1.2747333e-02
   4.4240000e+01  -1.1583003e-02
   4.4260000e+01  -1.1325053e-02
   4.4280000e+01  -1.5943756e-02
   4.4300000e+01  -1.9870509e-02
   4.4320000e+01  -2.5182901e-02
   4.4340000e+01  -2.9973117e-02
   4.4360000e+01  -3.3022814e-02
   4.4380000e+01  -3.5466374e-02
   4.4400000e+01  -3.4150991e-02
   4.4420000e+01  -3.2979037e-02
   4.4440000e+01  -2.7937716e-02
   4.4460000e+01  -2.4055181e-02
   4.4480000e+01  -1.8392911e-02
   4.4500000e+01  -1.3977003e-02
   4.4520000e+01  -1.1104072e-02
   4.4540000e+01  -1.1306285e-02
   4.4560000e+01  -1.1064555e-02
   4.4580000e+01  -1.2360931e-02
   4.4600000e+01  -1.4608560e-02
   4.4620000e+01  -1.5670918e-02
   4.4640000e+01  -1.5598566e-02
   4.4660000e+01  -1.6940884e-02
   4.4680000e+01  -2.0259090e-02
   4.4700000e+01  -2.2343751e-02
   4.4720000e+01  -2.3474442e-02
   4.4740000e+01  -2.2047161e-02
   4.4760000e+01  -2.1059697e-02
   4.4780000e+01  -1.9455479e-02
   4.4800000e+01  -1.9368336e-02
   4.4820000e+01  -1.9564612e-02
   4.4840000e+01  -2.2402568e-02
   4.4860000e+01  -2.5331087e-02
   4.4880000e+01  -2.9230691e-02
   4.4900000e+01  -3.3105481e-02
   4.4920000e+01  -3.3457893e-02
   4.4940000e+01  -3.3608275e-02
   4.4960000e+01  -3.3301914e-02
   4.4980000e+01  -3.3631828e-02
   4.5000000e+01  -3.7711272e-02
   4.5020000e+01  -4.0585871e-02
   4.5040000e+01  -4.4967144e-02
   4.5060000e+01  -4.7461012e-02
   4.5080000e+01  -5.0516452e-02
   4.5100000e+01  -5.3081085e-02
   4.5120000e+01  -5.6289990e-02
   4.5140000e+01  -5.9318938e-02
   4.5160000e+01  -6.3067043e-02
   4.5180000e+01  -6.4961471e-02
   4.5200000e+01  -6.7562307e-02
   4.5220000e+01  -6.9850011e-02
   4.5240000e+01  -7.1521887e-02
   4.5260000e+01  -6.9874647e-02
   4.5280000e+01  -6.8140496e-02
   4.5300000e+01  -6.5128141e-02
   4.5320000e+01  -6.2010939e-02
   4.5340000e+01  -5.9571664e-02
   4.5360000e+01  -5.7556777e-02
   4.5380000e+01  -5.4206588e-02
   4.5400000e+01  -5.0444276e-02
   4.5420000e+01  -4.5651741e-02
   4.5440000e+01  -4.2467909e-02
   4.5460000e+01  -3.9581904e-02
   4.5480000e+01  -3.6106133e-02
   4.5500000e+01  -3.5327280e-02
   4.5520000e+01  -3.6602309e-02
   4.5540000e+01  -3.6633761e-02
   4.5560000e+01  -3.7390016e-02
   4.5580000e+01  -3.5813627e-02
   4.5600000e+01  -3.2231854e-02
   4.5620000e+01  -2.7982912e-02
   4.5640000e+01  -2.4532159e-02
   4.5660000e+01  -2.1066535e-02
   4.5680000e+01  -1.7055795e-02
   4.5700000e+01  -1.3039449e-02
   4.5720000e+01  -7.5877651e-03
   4.5740000e+01  -3.1424186e-03
   4.5760000e+01   2.0611282e-03
   4.5780000e+01   6.2889883e-03
   4.5800000e+01   1.1060816e-02
   4.5820000e+01   1.4510957e-02
   4.5840000e+01   1.5429768e-02
   4.5860000e+01   1.6283331e-02
   4.5880000e+01   1.5131408e-02
   4.5900000e+01   1.6707210e-02
   4.5920000e+01   1.7153850e-02
   4.5940000e+01   1.7565540e-02
   4.5960000e+01   1.8077456e-02
   4.5980000e+01   1.9581466e-02
   4.6000000e+01   1.8643854e-02
   4.6020000e+01   1.8191665e-02
   4.6040000e+01   1.7440442e-02
   4.6060000e+01   1.5713027e-02
   4.6080000e+01   1.4416375e-02
   4.6100000e+01   1.4131440e-02
   4.6120000e+01   1.3680405e-02
   4.6140000e+01   1.3819394e-02
   4.6160000e+01   1.2147132e-02
   4.6180000e+01   1.0539652e-02
   4.6200000e+01   8.4748735e-03
   4.6220000e+01   6.8081567e-03
   4.6240000e+01   5.2089402e-03
   4.6260000e+01   3.7463463e-03
   4.6280000e+01   1.6215128e-03
   4.6300000e+01   1.5014594e-03
   4.6320000e+01   3.2571760e-03
   4.6340000e+01   4.7979597e-03
   4.6360000e+01   6.6909596e-03
   4.6380000e+01   7.6617017e-03
   4.6400000e+01   7.4756420e-03
   4.6420000e+01   5.6162051e-03
   4.6440000e+01   4.1676836e-03
   4.6460000e+01   2.1167113e-03
   4.6480000e+01   6.7554343e-04
   4.6500000e+01  -1.4031213e-03
   4.6520000e+01  -3.0267933e-03
   4.6540000e+01  -4.5979913e-03
   4.6560000e+01  -5.5487157e-03
   4.6580000e+01  -6.7841730e-03
   4.6600000e+01  -6.5351276e-03
   4.6620000e+01  -6.0814188e-03
   4.6640000e+01  -2.4239318e-03
   4.6660000e+01   1.9641940e-03
   4.6680000e+01   6.2992711e-03
   4.6700000e+01   9.8604588e-03
   4.6720000e+01   1.1517342e-02
   4.6740000e+01   1.3934009e-02
   4.6760000e+01   1.6136171e-02
   4.6780000e+01   1.8172293e-02
   4.6800000e+01   1.8436729e-02
   4.6820000e+01   1.8551186e-02
   4.6840000e+01   1.8022231e-02
   4.6860000e+01   1.7157333e-02
   4.6880000e+01   1.7843989e-02
   4.6900000e+01   1.9315030e-02
   4.6920000e+01   2.1311963e-02
   4.6940000e+01   2.4306002e-02
   4.6960000e+01   2.7536739e-02
   4.6980000e+01   3.1426686e-02
   4.7000000e+01   3.4966123e-02
   4.7020000e+01   3.8537214e-02
   4.7040000e+01   4.2317049e-02
   4.7060000e+01   4.7218706e-02
   4.7080000e+01   5.0935201e-02
   4.7100000e+01   5.2387261e-02
   4.7120000e+01   5.3580150e-02
   4.7140000e+01   5.3768864e-02
   4.7160000e+01   5.5823157e-02
   4.7180000e+01   5.6408341e-02
   4.7200000e+01   5.7564610e-02
   4.7220000e+01   5.8052926e-02
   4.7240000e+01   5.4677318e-02
   4.7260000e+01   5.2522644e-02
   4.7280000e+01   4.9875398e-02
   4.7300000e+01   4.9217585e-02
   4.7320000e+01   4.7746517e-02
   4.7340000e+01   4.5897667e-02
   4.7360000e+01   4.3292688e-02
   4.7380000e+01   4.0969861e-02
   4.7400000e+01   3.8391750e-02
   4.7420000e+01   3.7350248e-02
   4.7440000e+01   3.5170690e-02
   4.7460000e+01   3.4058276e-02
   4.7480000e+01   3.0997396e-02
   4.7500000e+01   2.8574590e-02
   4.7520000e+01   2.5219352e-02
   4.7540000e+01   2.2593619e-02
   4.7560000e+01   1.9961227e-02
   4.7580000e+01   1.7527201e-02
   4.7600000e+01   1.4899506e-02
   4.7620000e+01   1.2797589e-02
   4.7640000e+01   1.0728756e-02
   4.7660000e+01   8.0209205e-03
   4.7680000e+01   2.7745020e-03
   4.7700000e+01  -1.9488847e-03
   4.7720000e+01  -7.6330878e-03
   4.7740000e+01  -1.1473756e-02
   4.7760000e+01  -1.4158146e-02
   4.7780000e+01  -1.7192791e-02
   4.7800000e+01  -1.8510756e-02
   4.7820000e+01  -1.7571146e-02
   4.7840000e+01  -1.5760220e-02
   4.7860000e+01  -1.2901574e-02
   4.7880000e+01  -8.5114669e-03
   4.7900000e+01  -3.8429554e-03
   4.7920000e+01   3.9421557e-03
   4.7940000e+01   1.1077685e-02
   4.7960000e+01   1.9869190e-02
   4.7980000e+01   2.4441041e-02
   4.8000000e+01   3.0350852e-02
   4.8020000e+01   3.4988367e-02
   4.8040000e+01   4.0321782e-02
   4.8060000e+01   4.0742127e-02
   4.8080000e+01   4.2232288e-02
   4.8100000e+01   4.2607335e-02
   4.8120000e+01   4.4067862e-02
   4.8140000e+01   4.7471141e-02
   4.8160000e+01   5.0404508e-02
   4.8180000e+01   5.2808122e-02
   4.8200000e+01   5.5062611e-02
   4.8220000e+01   5.5541245e-02
   4.8240000e+01   5.5602250e-02
   4.8260000e+01   5.5897626e-02
   4.8280000e+01   5.8212801e-02
   4.8300000e+01   5.9609957e-02
   4.8320000e+01   5.8881426e-02
   4.8340000e+01   5.6268265e-02
   4.8360000e+01   5.2216380e-02
   4.8380000e+01   4.8688631e-02
   4.8400000e+01   4.4855894e-02
   4.8420000e+01   4.1515253e-02
   4.8440000e+01   3.5998240e-02
   4.8460000e+01   2.9693583e-02
   4.8480000e+01   2.3855436e-02
   4.8500000e+01   1.7130350e-02
   4.8520000e+01   1.1243621e-02
   4.8540000e+01   4.7666309e-03
   4.8560000e+01  -1.2888743e-03
   4.8580000e+01  -6.9225552e-03
   4.8600000e+01  -1.2303527e-02
   4.8620000e+01  -1.7400389e-02
   4.8640000e+01  -2.2102821e-02
   4.8660000e+01  -2.6222990e-02
   4.8680000e+01  -2.9326972e-02
   4.8700000e+01  -3.1320053e-02
   4.8720000e+01  -3.2833167e-02
   4.8740000e+01  -3.2646949e-02
   4.8760000e+01  -3.1035021e-02
   4.8780000e+01  -2.8362214e-02
   4.8800000e+01  -2.2124346e-02
   4.8820000e+01  -1.6830388e-02
   4.8840000e+01  -1.1406068e-02
   4.8860000e+01  -6.7984801e-03
   4.8880000e+01  -1.2307829e-03
   4.8900000e+01   2.7728055e-03
   4.8920000e+01   6.4548888e-03
   4.8940000e+01   1.1582804e-02
   4.8960000e+01   1.7075808e-02
   4.8980000e+01   2.1955461e-02
   4.9000000e+01   2.4875295e-02
   4.9020000e+01   2.8741964e-02
   4.9040000e+01   3.2658105e-02
   4.9060000e+01   3.6132466e-02
   4.9080000e+01   3.9031917e-02
   4.9100000e+01   4.2757553e-02
   4.9120000e+01   4.6086466e-02
   4.9140000e+01   5.2247047e-02
   4.9160000e+01   5.7130121e-02
   4.9180000e+01   6.2207687e-02
   4.9200000e+01   6.5457936e-02
   4.9220000e+01   7.0271699e-02
   4.9240000e+01   7.5400831e-02
   4.9260000e+01   7.8547115e-02
   4.9280000e+01   7.8938061e-02
   4.9300000e+01   7.9297941e-02
   4.9320000e+01   7.8097474e-02
   4.9340000e+01   7.7750556e-02
   4.9360000e+01   7.5884841e-02
   4.9380000e+01   7.4925218e-02
   4.9400000e+01   7.1044852e-02
   4.9420000e+01   6.5760646e-02
   4.9440000e+01   5.9665536e-02
   4.9460000e+01   5.3749266e-02
   4.9480000e+01   4.9918210e-02
   4.9500000e+01   4.6580345e-02
   4.9520000e+01   3.9921909e-02
   4.9540000e+01   3.1718511e-02
   4.9560000e+01   2.4525177e-02
   4.9580000e+01   1.7424586e-02
   4.9600000e+01   1.0143480e-02
   4.9620000e+01   5.5532833e-03
   4.9640000e+01   3.4320962e-03
   4.9660000e+01   1.8583799e-04
   4.9680000e+01  -1.6652394e-03
   4.9700000e+01  -7.5405160e-03
   4.9720000e+01  -1.2978177e-02
   4.9740000e+01  -2.0414580e-02
   4.9760000e+01  -2.6016264e-02
   4.9780000e+01  -2.8705429e-02
   4.9800000e+01  -3.4352136e-02
   4.9820000e+01  -4.0114619e-02
   4.9840000e+01  -4.6218209e-02
   4.9860000e+01  -5.1723662e-02
   4.9880000e+01  -5.8368834e-02
   4.9900000e+01  -6.3532632e-02
   4.9920000e+01  -6.7635094e-02
   4.9940000e+01  -7.1762212e-02
   4.9960000e+01  -7.5161926e-02
   4.9980000e+01  -7.6829350e-02
   5.0000000e+01  -7.9136725e-02
   5.0020000e+01  -7.9735011e-02
   5.0040000e+01  -7.9550767e-02
   5.0060000e+01  -8.0563379e-02
   5.0080000e+01  -7.9814330e-02
   5.0100000e+01  -7.7310022e-02
   5.0120000e+01  -7.4446695e-02
   5.0140000e+01  -7.0773618e-02
   5.0160000e+01  -6.9385425e-02
   5.0180000e+01  -6.8772978e-02
   5.0200000e+01  -6.9941882e-02
   5.0220000e+01  -7.2292947e-02
   5.0240000e+01  -7.4181723e-02
   5.0260000e+01  -7.6910950e-02
   5.0280000e+01  -8.0467541e-02
   5.0300000e+01  -8.3032362e-02
   5.0320000e+01  -8.3918877e-02
   5.0340000e+01  -8.4034844e-02
   5.0360000e+01  -8.1834599e-02
   5.0380000e+01  -7.7761487e-02
   5.0400000e+01  -7.1421941e-02
   5.0420000e+01  -6.3631018e-02
   5.0440000e+01  -5.4698301e-02
   5.0460000e+01  -4.5830552e-02
   5.0480000e+01  -3.9807970e-02
   5.0500000e+01  -3.4474471e-02
   5.0520000e+01  -3.2566648e-02
   5.0540000e+01  -2.8609116e-02
   5.0560000e+01  -2.5446837e-02
   5.0580000e+01  -1.5602066e-02
   5.0600000e+01  -1.3996539e-02
   5.0620000e+01  -1.9339122e-02
   5.0640000e+01  -2.1067497e-02
   5.0660000e+01  -2.4374480e-02
   5.0680000e+01  -1.8359606e-02
   5.0700000e+01  -1.7229266e-02
   5.0720000e+01  -1.1261856e-02
   5.0740000e+01  -2.7809028e-03
   5.0760000e+01   6.8074567e-03
   5.0780000e+01   1.7105133e-02
   5.0800000e+01   2.9695480e-02
   5.0820000e+01   3.2343885e-02
   5.0840000e+01   2.8253519e-02
   5.0860000e+01   3.5597712e-02
   5.0880000e+01   3.3024555e-02
   5.0900000e+01   3.1055126e-02
   5.0920000e+01   2.6662061e-02
   5.0940000e+01   2.2673604e-02
   5.0960000e+01   2.4137767e-02
   5.0980000e+01   2.5838315e-02
   5.1000000e+01   2.9143852e-02
   5.1020000e+01   3.1056759e-02
   5.1040000e+01   3.1679631e-02
   5.1060000e+01   2.5977781e-02
   5.1080000e+01   2.1487263e-02
   5.1100000e+01   2.8722955e-02
   5.1120000e+01   2.9263124e-02
   5.1140000e+01   3.8225153e-02
   5.1160000e+01   3.2959396e-02
   5.1180000e+01   1.9575868e-02
   5.1200000e+01   1.2035922e-02
   5.1220000e+01  -4.3045096e-04
   5.1240000e+01   7.0175776e-03
   5.1260000e+01   9.3260755e-03
   5.1280000e+01   1.6050344e-02
   5.1300000e+01   2.2302630e-02
   5.1320000e+01   2.4313752e-02
   5.1340000e+01   3.1127545e-02
   5.1360000e+01   2.8873191e-02
   5.1380000e+01   2.4673965e-02
   5.1400000e+01   2.1118453e-02
   5.1420000e+01   2.6865103e-02
   5.1440000e+01   3.0380680e-02
   5.1460000e+01   3.2357601e-02
   5.1480000e+01   3.6482525e-02
   5.1500000e+01   4.0051296e-02
   5.1520000e+01   4.4484681e-02
   5.1540000e+01   5.3306977e-02
   5.1560000e+01   5.7506853e-02
   5.1580000e+01   5.6703062e-02
   5.1600000e+01   5.6740184e-02
   5.1620000e+01   5.6935779e-02
   5.1640000e+01   6.1824644e-02
   5.1660000e+01   6.2100848e-02
   5.1680000e+01   6.6012300e-02
   5.1700000e+01   6.6791163e-02
   5.1720000e+01   6.5904896e-02
   5.1740000e+01   6.6592966e-02
   5.1760000e+01   6.7715793e-02
   5.1780000e+01   7.2126508e-02
   5.1800000e+01   7.4446412e-02
   5.1820000e+01   7.6374563e-02
   5.1840000e+01   7.5536102e-02
   5.1860000e+01   7.1494651e-02
   5.1880000e+01   6.5655160e-02
   5.1900000e+01   5.5601127e-02
   5.1920000e+01   4.5284309e-02
   5.1940000e+01   3.2271204e-02
   5.1960000e+01   2.1366350e-02
   5.1980000e+01   8.0193299e-03
   5.2000000e+01  -2.9800209e-03
   5.2020000e+01  -1.4122353e-02
   5.2040000e+01  -2.5671793e-02
   5.2060000e+01  -3.8357663e-02
   5.2080000e+01  -4.9866345e-02
   5.2100000e+01  -6.0557923e-02
   5.2120000e+01  -6.2720988e-02
   5.2140000e+01  -6.4319867e-02
   5.2160000e+01  -6.4999489e-02
   5.2180000e+01  -7.2161627e-02
   5.2200000e+01  -7.5575804e-02
   5.2220000e+01  -8.0538447e-02
   5.2240000e+01  -8.1268238e-02
   5.2260000e+01  -8.5797965e-02
   5.2280000e+01  -8.7586545e-02
   5.2300000e+01  -8.9708062e-02
   5.2320000e+01  -9.2418294e-02
   5.2340000e+01  -9.3185016e-02
   5.2360000e+01  -9.5425659e-02
   5.2380000e+01  -9.5118059e-02
   5.2400000e+01  -9.4382049e-02
   5.2420000e+01  -8.4308789e-02
   5.2440000e+01  -8.3775279e-02
   5.2460000e+01  -8.2127569e-02
   5.2480000e+01  -7.8306065e-02
   5.2500000e+01  -7.3330337e-02
   5.2520000e+01  -6.9871007e-02
   5.2540000e+01  -6.4641759e-02
   5.2560000e+01  -6.0795408e-02
   5.2580000e+01  -5.6861813e-02
   5.2600000e+01  -5.4799430e-02
   5.2620000e+01  -5.1436320e-02
   5.2640000e+01  -4.8574104e-02
   5.2660000e+01  -4.4257362e-02
   5.2680000e+01  -3.9538983e-02
   5.2700000e+01  -3.5942899e-02
   5.2720000e+01  -3.4522544e-02
   5.2740000e+01  -2.9408933e-02
   5.2760000e+01  -2.3708943e-02
   5.2780000e+01  -1.8890287e-02
   5.2800000e+01  -1.7092386e-02
   5.2820000e+01  -1.5242264e-02
   5.2840000e+01  -1.3635188e-02
   5.2860000e+01  -1.0308495e-02
   5.2880000e+01  -8.2266360e-03
   5.2900000e+01  -3.9566244e-03
   5.2920000e+01   9.8237901e-04
   5.2940000e+01   7.8329701e-03
   5.2960000e+01   1.6742036e-02
   5.2980000e+01   2.2565596e-02
   5.3000000e+01   2.6185884e-02
   5.3020000e+01   2.7148352e-02
   5.3040000e+01   2.8671174e-02
   5.3060000e+01   3.1337431e-02
   5.3080000e+01   3.3697915e-02
   5.3100000e+01   3.6957131e-02
   5.3120000e+01   3.8855397e-02
   5.3140000e+01   3.9171338e-02
   5.3160000e+01   3.9093191e-02
   5.3180000e+01   3.5426781e-02
   5.3200000e+01   3.7005032e-02
   5.3220000e+01   3.9851066e-02
   5.3240000e+01   3.8872773e-02
   5.3260000e+01   4.2750292e-02
   5.3280000e+01   4.4999284e-02
   5.3300000e+01   4.5911359e-02
   5.3320000e+01   4.5617086e-02
   5.3340000e+01   3.3863611e-02
   5.3360000e+01   2.2865576e-02
   5.3380000e+01   7.9167303e-03
   5.3400000e+01   4.0421232e-04
   5.3420000e+01  -4.8849913e-03
   5.3440000e+01  -2.8767521e-03
   5.3460000e+01   4.7722019e-03
