   9.3492895e-02   0.0000000e+00
   1.1219147e-01   0.0000000e+00
   1.3089005e-01   0.0000000e+00
   1.4958863e-01   0.0000000e+00
   1.6828721e-01   0.0000000e+00
   1.8698579e-01   0.0000000e+00
   2.0568437e-01   0.0000000e+00
   2.2438295e-01   0.0000000e+00
   2.4308153e-01   0.0000000e+00
   2.6178010e-01   0.0000000e+00
   2.8047868e-01   0.0000000e+00
   2.9917726e-01   0.0000000e+00
   3.1787584e-01   0.0000000e+00
   3.3657442e-01   0.0000000e+00
   3.5527300e-01   0.0000000e+00
   3.7397158e-01   0.0000000e+00
   3.9267016e-01   0.0000000e+00
   4.1136874e-01   0.0000000e+00
   4.3006731e-01   0.0000000e+00
   4.4876589e-01   0.0000000e+00
   4.6746447e-01   0.0000000e+00
   4.8616305e-01   0.0000000e+00
   5.0486163e-01   0.0000000e+00
   5.2356021e-01   0.0000000e+00
   5.4225879e-01   0.0000000e+00
   5.6095737e-01   0.0000000e+00
   5.7965595e-01   0.0000000e+00
   5.9835453e-01   0.0000000e+00
   6.1705310e-01   0.0000000e+00
   6.3575168e-01   0.0000000e+00
   6.5445026e-01   0.0000000e+00
   6.7314884e-01   0.0000000e+00
   6.9184742e-01   0.0000000e+00
   7.1054600e-01   0.0000000e+00
   7.2924458e-01   0.0000000e+00
   7.4794316e-01   0.0000000e+00
   7.6664174e-01   0.0000000e+00
   7.8534031e-01   0.0000000e+00
   8.0403889e-01   0.0000000e+00
   8.2273747e-01   0.0000000e+00
   8.4143605e-01   0.0000000e+00
   8.6013463e-01   0.0000000e+00
   8.7883321e-01   0.0000000e+00
   8.9753179e-01   0.0000000e+00
   9.1623037e-01   0.0000000e+00
   9.3492895e-01   0.0000000e+00
   9.5362752e-01   0.0000000e+00
   9.7232610e-01   0.0000000e+00
   9.9102468e-01   0.0000000e+00
   1.0097233e+00   0.0000000e+00
   1.0284218e+00   0.0000000e+00
   1.0471204e+00   0.0000000e+00
   1.0658190e+00   0.0000000e+00
   1.0845176e+00   0.0000000e+00
   1.1032162e+00   0.0000000e+00
   1.1219147e+00   0.0000000e+00
   1.1406133e+00   0.0000000e+00
   1.1593119e+00   0.0000000e+00
   1.1780105e+00   0.0000000e+00
   1.1967091e+00   0.0000000e+00
   1.2154076e+00   0.0000000e+00
   1.2341062e+00   0.0000000e+00
   1.2528048e+00   0.0000000e+00
   1.2715034e+00   0.0000000e+00
   1.2902019e+00   0.0000000e+00
   1.3089005e+00   0.0000000e+00
   1.3275991e+00   0.0000000e+00
   1.3462977e+00   0.0000000e+00
   1.3649963e+00   0.0000000e+00
   1.3836948e+00   0.0000000e+00
   1.4023934e+00   0.0000000e+00
   1.4210920e+00   0.0000000e+00
   1.4397906e+00   0.0000000e+00
   1.4584892e+00   0.0000000e+00
   1.4771877e+00   0.0000000e+00
   1.4958863e+00   0.0000000e+00
   1.5145849e+00   0.0000000e+00
   1.5332835e+00   0.0000000e+00
   1.5519820e+00   0.0000000e+00
   1.5706806e+00   0.0000000e+00
   1.5893792e+00   0.0000000e+00
   1.6080778e+00   0.0000000e+00
   1.6267764e+00   0.0000000e+00
   1.6454749e+00   0.0000000e+00
   1.6641735e+00   0.0000000e+00
   1.6828721e+00   0.0000000e+00
   1.7015707e+00   0.0000000e+00
   1.7202693e+00   0.0000000e+00
   1.7389678e+00   0.0000000e+00
   1.7576664e+00   0.0000000e+00
   1.7763650e+00   0.0000000e+00
   1.7950636e+00   0.0000000e+00
   1.8137622e+00   0.0000000e+00
   1.8324607e+00   0.0000000e+00
   1.8511593e+00   0.0000000e+00
   1.8698579e+00   0.0000000e+00
   1.8885565e+00   0.0000000e+00
   1.9072550e+00   0.0000000e+00
   1.9259536e+00   0.0000000e+00
   1.9446522e+00   0.0000000e+00
   1.9633508e+00   0.0000000e+00
   1.9820494e+00   0.0000000e+00
   2.0007479e+00   0.0000000e+00
   2.0194465e+00   0.0000000e+00
   2.0381451e+00   0.0000000e+00
   2.0568437e+00   0.0000000e+00
   2.0755423e+00   0.0000000e+00
   2.0942408e+00   0.0000000e+00
   2.1129394e+00   0.0000000e+00
   2.1316380e+00   0.0000000e+00
   2.1503366e+00   0.0000000e+00
   2.1690352e+00   0.0000000e+00
   2.1877337e+00   0.0000000e+00
   2.2064323e+00   0.0000000e+00
   2.2251309e+00   0.0000000e+00
   2.2438295e+00   0.0000000e+00
   2.2625280e+00   0.0000000e+00
   2.2812266e+00   0.0000000e+00
   2.2999252e+00   0.0000000e+00
   2.3186238e+00   0.0000000e+00
   2.3373224e+00   0.0000000e+00
   2.3560209e+00   0.0000000e+00
   2.3747195e+00   0.0000000e+00
   2.3934181e+00   0.0000000e+00
   2.4121167e+00   0.0000000e+00
   2.4308153e+00   0.0000000e+00
   2.4495138e+00   0.0000000e+00
   2.4682124e+00   0.0000000e+00
   2.4869110e+00   0.0000000e+00
   2.5056096e+00   0.0000000e+00
   2.5243082e+00   0.0000000e+00
   2.5430067e+00   0.0000000e+00
   2.5617053e+00   0.0000000e+00
   2.5804039e+00   0.0000000e+00
   2.5991025e+00   0.0000000e+00
   2.6178010e+00   0.0000000e+00
   2.6364996e+00   0.0000000e+00
   2.6551982e+00   0.0000000e+00
   2.6738968e+00   0.0000000e+00
   2.6925954e+00   0.0000000e+00
   2.7112939e+00   0.0000000e+00
   2.7299925e+00   0.0000000e+00
   2.7486911e+00   0.0000000e+00
   2.7673897e+00   0.0000000e+00
   2.7860883e+00   0.0000000e+00
   2.8047868e+00   0.0000000e+00
   2.8234854e+00   0.0000000e+00
   2.8421840e+00   0.0000000e+00
   2.8608826e+00   0.0000000e+00
   2.8795812e+00   0.0000000e+00
   2.8982797e+00   0.0000000e+00
   2.9169783e+00   0.0000000e+00
   2.9356769e+00   0.0000000e+00
   2.9543755e+00   0.0000000e+00
   2.9730740e+00   0.0000000e+00
   2.9917726e+00   0.0000000e+00
   3.0104712e+00   0.0000000e+00
   3.0291698e+00   0.0000000e+00
   3.0478684e+00   0.0000000e+00
   3.0665669e+00   0.0000000e+00
   3.0852655e+00   0.0000000e+00
   3.1039641e+00   0.0000000e+00
   3.1226627e+00   0.0000000e+00
   3.1413613e+00   0.0000000e+00
   3.1600598e+00   0.0000000e+00
   3.1787584e+00   0.0000000e+00
   3.1974570e+00   0.0000000e+00
   3.2161556e+00   0.0000000e+00
   3.2348542e+00   0.0000000e+00
   3.2535527e+00   0.0000000e+00
   3.2722513e+00   0.0000000e+00
   3.2909499e+00   0.0000000e+00
   3.3096485e+00   0.0000000e+00
   3.3283470e+00   0.0000000e+00
   3.3470456e+00   0.0000000e+00
   3.3657442e+00   0.0000000e+00
   3.3844428e+00   0.0000000e+00
   3.4031414e+00   0.0000000e+00
   3.4218399e+00   0.0000000e+00
   3.4405385e+00   0.0000000e+00
   3.4592371e+00   0.0000000e+00
   3.4779357e+00   0.0000000e+00
   3.4966343e+00   0.0000000e+00
   3.5153328e+00   0.0000000e+00
   3.5340314e+00   0.0000000e+00
   3.5527300e+00   0.0000000e+00
   3.5714286e+00   0.0000000e+00
   3.5901272e+00   0.0000000e+00
   3.6088257e+00   0.0000000e+00
   3.6275243e+00   0.0000000e+00
   3.6462229e+00   0.0000000e+00
   3.6649215e+00   0.0000000e+00
   3.6836200e+00   0.0000000e+00
   3.7023186e+00   0.0000000e+00
   3.7210172e+00   0.0000000e+00
   3.7397158e+00   0.0000000e+00
   3.7584144e+00   0.0000000e+00
   3.7771129e+00   0.0000000e+00
   3.7958115e+00   0.0000000e+00
   3.8145101e+00   0.0000000e+00
   3.8332087e+00   0.0000000e+00
   3.8519073e+00   0.0000000e+00
   3.8706058e+00   0.0000000e+00
   3.8893044e+00   0.0000000e+00
   3.9080030e+00   0.0000000e+00
   3.9267016e+00   0.0000000e+00
   3.9454001e+00   0.0000000e+00
   3.9640987e+00   0.0000000e+00
   3.9827973e+00   0.0000000e+00
   4.0014959e+00   0.0000000e+00
   4.0201945e+00   0.0000000e+00
   4.0388930e+00   0.0000000e+00
   4.0575916e+00   0.0000000e+00
   4.0762902e+00   0.0000000e+00
   4.0949888e+00   0.0000000e+00
   4.1136874e+00   0.0000000e+00
   4.1323859e+00   0.0000000e+00
   4.1510845e+00   0.0000000e+00
   4.1697831e+00   0.0000000e+00
   4.1884817e+00   0.0000000e+00
   4.2071803e+00   0.0000000e+00
   4.2258788e+00   0.0000000e+00
   4.2445774e+00   0.0000000e+00
   4.2632760e+00   0.0000000e+00
   4.2819746e+00   0.0000000e+00
   4.3006731e+00   0.0000000e+00
   4.3193717e+00   0.0000000e+00
   4.3380703e+00   0.0000000e+00
   4.3567689e+00   0.0000000e+00
   4.3754675e+00   0.0000000e+00
   4.3941660e+00   0.0000000e+00
   4.4128646e+00   0.0000000e+00
   4.4315632e+00   0.0000000e+00
   4.4502618e+00   0.0000000e+00
   4.4689604e+00   0.0000000e+00
   4.4876589e+00   0.0000000e+00
   4.5063575e+00   0.0000000e+00
   4.5250561e+00   0.0000000e+00
   4.5437547e+00   0.0000000e+00
   4.5624533e+00   0.0000000e+00
   4.5811518e+00   0.0000000e+00
   4.5998504e+00   0.0000000e+00
   4.6185490e+00   0.0000000e+00
   4.6372476e+00   0.0000000e+00
   4.6559461e+00   0.0000000e+00
   4.6746447e+00   0.0000000e+00
   4.6933433e+00   0.0000000e+00
   4.7120419e+00   0.0000000e+00
   4.7307405e+00   0.0000000e+00
   4.7494390e+00   0.0000000e+00
   4.7681376e+00   0.0000000e+00
   4.7868362e+00   0.0000000e+00
   4.8055348e+00   0.0000000e+00
   4.8242334e+00   0.0000000e+00
   4.8429319e+00   0.0000000e+00
   4.8616305e+00   0.0000000e+00
   4.8803291e+00   0.0000000e+00
   4.8990277e+00   0.0000000e+00
   4.9177263e+00   0.0000000e+00
   4.9364248e+00   0.0000000e+00
   4.9551234e+00   0.0000000e+00
   4.9738220e+00   0.0000000e+00
   4.9925206e+00   0.0000000e+00
   5.0112191e+00   0.0000000e+00
   5.0299177e+00   0.0000000e+00
   5.0486163e+00   0.0000000e+00
   5.0673149e+00   0.0000000e+00
   5.0860135e+00   0.0000000e+00
   5.1047120e+00   0.0000000e+00
   5.1234106e+00   0.0000000e+00
   5.1421092e+00   0.0000000e+00
   5.1608078e+00   0.0000000e+00
   5.1795064e+00   0.0000000e+00
   5.1982049e+00   0.0000000e+00
   5.2169035e+00   0.0000000e+00
   5.2356021e+00   0.0000000e+00
   5.2543007e+00   0.0000000e+00
   5.2729993e+00   0.0000000e+00
   5.2916978e+00   0.0000000e+00
   5.3103964e+00   0.0000000e+00
   5.3290950e+00   0.0000000e+00
   5.3477936e+00   0.0000000e+00
   5.3664921e+00   0.0000000e+00
   5.3851907e+00   0.0000000e+00
   5.4038893e+00   0.0000000e+00
   5.4225879e+00   0.0000000e+00
   5.4412865e+00   0.0000000e+00
   5.4599850e+00   0.0000000e+00
   5.4786836e+00   0.0000000e+00
   5.4973822e+00   0.0000000e+00
   5.5160808e+00   0.0000000e+00
   5.5347794e+00   0.0000000e+00
   5.5534779e+00   0.0000000e+00
   5.5721765e+00   0.0000000e+00
   5.5908751e+00   0.0000000e+00
   5.6095737e+00   0.0000000e+00
   5.6282723e+00   0.0000000e+00
   5.6469708e+00   0.0000000e+00
   5.6656694e+00   0.0000000e+00
   5.6843680e+00   0.0000000e+00
   5.7030666e+00   0.0000000e+00
   5.7217651e+00   0.0000000e+00
   5.7404637e+00   0.0000000e+00
   5.7591623e+00   0.0000000e+00
   5.7778609e+00   0.0000000e+00
   5.7965595e+00   0.0000000e+00
   5.8152580e+00   0.0000000e+00
   5.8339566e+00   0.0000000e+00
   5.8526552e+00   0.0000000e+00
   5.8713538e+00   0.0000000e+00
   5.8900524e+00   0.0000000e+00
   5.9087509e+00   0.0000000e+00
   5.9274495e+00   0.0000000e+00
   5.9461481e+00   0.0000000e+00
   5.9648467e+00   0.0000000e+00
   5.9835453e+00   0.0000000e+00
   6.0022438e+00   0.0000000e+00
   6.0209424e+00   0.0000000e+00
   6.0396410e+00   0.0000000e+00
   6.0583396e+00   0.0000000e+00
   6.0770381e+00   0.0000000e+00
   6.0957367e+00   0.0000000e+00
   6.1144353e+00   0.0000000e+00
   6.1331339e+00   0.0000000e+00
   6.1518325e+00   0.0000000e+00
   6.1705310e+00   0.0000000e+00
   6.1892296e+00   0.0000000e+00
   6.2079282e+00   0.0000000e+00
   6.2266268e+00   0.0000000e+00
   6.2453254e+00   0.0000000e+00
   6.2640239e+00   0.0000000e+00
   6.2827225e+00   0.0000000e+00
   6.3014211e+00   0.0000000e+00
   6.3201197e+00   0.0000000e+00
   6.3388182e+00   0.0000000e+00
   6.3575168e+00   0.0000000e+00
   6.3762154e+00   0.0000000e+00
   6.3949140e+00   0.0000000e+00
   6.4136126e+00   0.0000000e+00
   6.4323111e+00   0.0000000e+00
   6.4510097e+00   0.0000000e+00
   6.4697083e+00   0.0000000e+00
   6.4884069e+00   0.0000000e+00
   6.5071055e+00   0.0000000e+00
   6.5258040e+00   0.0000000e+00
   6.5445026e+00   0.0000000e+00
   6.5632012e+00   0.0000000e+00
   6.5818998e+00   0.0000000e+00
   6.6005984e+00   0.0000000e+00
   6.6192969e+00   0.0000000e+00
   6.6379955e+00   0.0000000e+00
   6.6566941e+00   0.0000000e+00
   6.6753927e+00   0.0000000e+00
   6.6940912e+00   0.0000000e+00
   6.7127898e+00   0.0000000e+00
   6.7314884e+00   0.0000000e+00
   6.7501870e+00   0.0000000e+00
   6.7688856e+00   0.0000000e+00
   6.7875841e+00   0.0000000e+00
   6.8062827e+00   0.0000000e+00
   6.8249813e+00   0.0000000e+00
   6.8436799e+00   0.0000000e+00
   6.8623785e+00   0.0000000e+00
   6.8810770e+00   0.0000000e+00
   6.8997756e+00   0.0000000e+00
   6.9184742e+00   0.0000000e+00
   6.9371728e+00   0.0000000e+00
   6.9558714e+00   0.0000000e+00
   6.9745699e+00   0.0000000e+00
   6.9932685e+00   0.0000000e+00
   7.0119671e+00   0.0000000e+00
   7.0306657e+00   0.0000000e+00
   7.0493642e+00   0.0000000e+00
   7.0680628e+00   0.0000000e+00
   7.0867614e+00   0.0000000e+00
   7.1054600e+00   0.0000000e+00
   7.1241586e+00   0.0000000e+00
   7.1428571e+00   0.0000000e+00
   7.1615557e+00   0.0000000e+00
   7.1802543e+00   0.0000000e+00
   7.1989529e+00   0.0000000e+00
   7.2176515e+00   0.0000000e+00
   7.2363500e+00   0.0000000e+00
   7.2550486e+00   0.0000000e+00
   7.2737472e+00   0.0000000e+00
   7.2924458e+00   0.0000000e+00
   7.3111444e+00   0.0000000e+00
   7.3298429e+00   0.0000000e+00
   7.3485415e+00   0.0000000e+00
   7.3672401e+00   0.0000000e+00
   7.3859387e+00   0.0000000e+00
   7.4046372e+00   0.0000000e+00
   7.4233358e+00   0.0000000e+00
   7.4420344e+00   0.0000000e+00
   7.4607330e+00   0.0000000e+00
   7.4794316e+00   0.0000000e+00
   7.4981301e+00   0.0000000e+00
   7.5168287e+00   0.0000000e+00
   7.5355273e+00   0.0000000e+00
   7.5542259e+00   0.0000000e+00
   7.5729245e+00   0.0000000e+00
   7.5916230e+00   0.0000000e+00
   7.6103216e+00   0.0000000e+00
   7.6290202e+00   0.0000000e+00
   7.6477188e+00   0.0000000e+00
   7.6664174e+00   0.0000000e+00
   7.6851159e+00   0.0000000e+00
   7.7038145e+00   0.0000000e+00
   7.7225131e+00   0.0000000e+00
   7.7412117e+00   0.0000000e+00
   7.7599102e+00   0.0000000e+00
   7.7786088e+00   0.0000000e+00
   7.7973074e+00   0.0000000e+00
   7.8160060e+00   0.0000000e+00
   7.8347046e+00   0.0000000e+00
   7.8534031e+00   0.0000000e+00
   7.8721017e+00   0.0000000e+00
   7.8908003e+00   0.0000000e+00
   7.9094989e+00   0.0000000e+00
   7.9281975e+00   0.0000000e+00
   7.9468960e+00   0.0000000e+00
   7.9655946e+00   0.0000000e+00
   7.9842932e+00   0.0000000e+00
   8.0029918e+00   0.0000000e+00
   8.0216904e+00   0.0000000e+00
   8.0403889e+00   0.0000000e+00
   8.0590875e+00   0.0000000e+00
   8.0777861e+00   0.0000000e+00
   8.0964847e+00   0.0000000e+00
   8.1151832e+00   0.0000000e+00
   8.1338818e+00   0.0000000e+00
   8.1525804e+00   0.0000000e+00
   8.1712790e+00   0.0000000e+00
   8.1899776e+00   0.0000000e+00
   8.2086761e+00   0.0000000e+00
   8.2273747e+00   0.0000000e+00
   8.2460733e+00   0.0000000e+00
   8.2647719e+00   0.0000000e+00
   8.2834705e+00   0.0000000e+00
   8.3021690e+00   0.0000000e+00
   8.3208676e+00   0.0000000e+00
   8.3395662e+00   0.0000000e+00
   8.3582648e+00   0.0000000e+00
   8.3769634e+00   0.0000000e+00
   8.3956619e+00   0.0000000e+00
   8.4143605e+00   0.0000000e+00
   8.4330591e+00   0.0000000e+00
   8.4517577e+00   0.0000000e+00
   8.4704562e+00   0.0000000e+00
   8.4891548e+00   0.0000000e+00
   8.5078534e+00   0.0000000e+00
   8.5265520e+00   0.0000000e+00
   8.5452506e+00   0.0000000e+00
   8.5639491e+00   0.0000000e+00
   8.5826477e+00   0.0000000e+00
   8.6013463e+00   0.0000000e+00
   8.6200449e+00   0.0000000e+00
   8.6387435e+00   0.0000000e+00
   8.6574420e+00   0.0000000e+00
   8.6761406e+00   0.0000000e+00
   8.6948392e+00   0.0000000e+00
   8.7135378e+00   0.0000000e+00
   8.7322364e+00   0.0000000e+00
   8.7509349e+00   0.0000000e+00
   8.7696335e+00   0.0000000e+00
   8.7883321e+00   0.0000000e+00
   8.8070307e+00   0.0000000e+00
   8.8257292e+00   0.0000000e+00
   8.8444278e+00   0.0000000e+00
   8.8631264e+00   0.0000000e+00
   8.8818250e+00   0.0000000e+00
   8.9005236e+00   0.0000000e+00
   8.9192221e+00   0.0000000e+00
   8.9379207e+00   0.0000000e+00
   8.9566193e+00   0.0000000e+00
   8.9753179e+00   0.0000000e+00
   8.9940165e+00   0.0000000e+00
   9.0127150e+00   0.0000000e+00
   9.0314136e+00   0.0000000e+00
   9.0501122e+00   0.0000000e+00
   9.0688108e+00   0.0000000e+00
   9.0875093e+00   0.0000000e+00
   9.1062079e+00   0.0000000e+00
   9.1249065e+00   0.0000000e+00
   9.1436051e+00   0.0000000e+00
   9.1623037e+00   0.0000000e+00
   9.1810022e+00   0.0000000e+00
   9.1997008e+00   0.0000000e+00
   9.2183994e+00   0.0000000e+00
   9.2370980e+00   0.0000000e+00
   9.2557966e+00   0.0000000e+00
   9.2744951e+00   0.0000000e+00
   9.2931937e+00   0.0000000e+00
   9.3118923e+00   0.0000000e+00
   9.3305909e+00   0.0000000e+00
   9.3492895e+00   0.0000000e+00
   9.3679880e+00   0.0000000e+00
   9.3866866e+00   0.0000000e+00
   9.4053852e+00   0.0000000e+00
   9.4240838e+00   0.0000000e+00
   9.4427823e+00   0.0000000e+00
   9.4614809e+00   0.0000000e+00
   9.4801795e+00   0.0000000e+00
   9.4988781e+00   0.0000000e+00
   9.5175767e+00   0.0000000e+00
   9.5362752e+00   0.0000000e+00
   9.5549738e+00   0.0000000e+00
   9.5736724e+00   0.0000000e+00
   9.5923710e+00   0.0000000e+00
   9.6110696e+00   0.0000000e+00
   9.6297681e+00   0.0000000e+00
   9.6484667e+00   0.0000000e+00
   9.6671653e+00   0.0000000e+00
   9.6858639e+00   0.0000000e+00
   9.7045625e+00   0.0000000e+00
   9.7232610e+00   0.0000000e+00
   9.7419596e+00   0.0000000e+00
   9.7606582e+00   0.0000000e+00
   9.7793568e+00   0.0000000e+00
   9.7980553e+00   0.0000000e+00
   9.8167539e+00   0.0000000e+00
   9.8354525e+00   0.0000000e+00
   9.8541511e+00   0.0000000e+00
   9.8728497e+00   0.0000000e+00
   9.8915482e+00   0.0000000e+00
   9.9102468e+00   0.0000000e+00
   9.9289454e+00   0.0000000e+00
   9.9476440e+00   0.0000000e+00
   9.9663426e+00   0.0000000e+00
   9.9850411e+00   0.0000000e+00
   1.0003740e+01   0.0000000e+00
   1.0022438e+01   0.0000000e+00
   1.0041137e+01   0.0000000e+00
   1.0059835e+01   0.0000000e+00
   1.0078534e+01   0.0000000e+00
   1.0097233e+01   0.0000000e+00
   1.0115931e+01   0.0000000e+00
   1.0134630e+01   0.0000000e+00
   1.0153328e+01   0.0000000e+00
   1.0172027e+01   0.0000000e+00
   1.0190726e+01   0.0000000e+00
   1.0209424e+01   0.0000000e+00
   1.0228123e+01   0.0000000e+00
   1.0246821e+01   0.0000000e+00
   1.0265520e+01   0.0000000e+00
   1.0284218e+01   0.0000000e+00
   1.0302917e+01   0.0000000e+00
   1.0321616e+01   0.0000000e+00
   1.0340314e+01   0.0000000e+00
   1.0359013e+01   0.0000000e+00
   1.0377711e+01   0.0000000e+00
   1.0396410e+01   0.0000000e+00
   1.0415108e+01   0.0000000e+00
   1.0433807e+01   0.0000000e+00
   1.0452506e+01   0.0000000e+00
   1.0471204e+01   0.0000000e+00
   1.0489903e+01   0.0000000e+00
   1.0508601e+01   0.0000000e+00
   1.0527300e+01   0.0000000e+00
   1.0545999e+01   0.0000000e+00
   1.0564697e+01   0.0000000e+00
   1.0583396e+01   0.0000000e+00
   1.0602094e+01   0.0000000e+00
   1.0620793e+01   0.0000000e+00
   1.0639491e+01   0.0000000e+00
   1.0658190e+01   0.0000000e+00
   1.0676889e+01   0.0000000e+00
   1.0695587e+01   0.0000000e+00
   1.0714286e+01   0.0000000e+00
   1.0732984e+01   0.0000000e+00
   1.0751683e+01   0.0000000e+00
   1.0770381e+01   0.0000000e+00
   1.0789080e+01   0.0000000e+00
   1.0807779e+01   0.0000000e+00
   1.0826477e+01   0.0000000e+00
   1.0845176e+01   0.0000000e+00
   1.0863874e+01   0.0000000e+00
   1.0882573e+01   0.0000000e+00
   1.0901272e+01   0.0000000e+00
   1.0919970e+01   0.0000000e+00
   1.0938669e+01   0.0000000e+00
   1.0957367e+01   0.0000000e+00
   1.0976066e+01   0.0000000e+00
   1.0994764e+01   0.0000000e+00
   1.1013463e+01   0.0000000e+00
   1.1032162e+01   0.0000000e+00
   1.1050860e+01   0.0000000e+00
   1.1069559e+01   0.0000000e+00
   1.1088257e+01   0.0000000e+00
   1.1106956e+01   0.0000000e+00
   1.1125654e+01   0.0000000e+00
   1.1144353e+01   0.0000000e+00
   1.1163052e+01   0.0000000e+00
   1.1181750e+01   0.0000000e+00
   1.1200449e+01   0.0000000e+00
   1.1219147e+01   0.0000000e+00
   1.1237846e+01   0.0000000e+00
   1.1256545e+01   0.0000000e+00
   1.1275243e+01   0.0000000e+00
   1.1293942e+01   0.0000000e+00
   1.1312640e+01   0.0000000e+00
   1.1331339e+01   0.0000000e+00
   1.1350037e+01   0.0000000e+00
   1.1368736e+01   0.0000000e+00
   1.1387435e+01   0.0000000e+00
   1.1406133e+01   0.0000000e+00
   1.1424832e+01   0.0000000e+00
   1.1443530e+01   0.0000000e+00
   1.1462229e+01   0.0000000e+00
   1.1480927e+01   0.0000000e+00
   1.1499626e+01   0.0000000e+00
   1.1518325e+01   0.0000000e+00
   1.1537023e+01   0.0000000e+00
   1.1555722e+01   0.0000000e+00
   1.1574420e+01   0.0000000e+00
   1.1593119e+01   0.0000000e+00
   1.1611818e+01   0.0000000e+00
   1.1630516e+01   0.0000000e+00
   1.1649215e+01   0.0000000e+00
   1.1667913e+01   0.0000000e+00
   1.1686612e+01   0.0000000e+00
   1.1705310e+01   0.0000000e+00
   1.1724009e+01   0.0000000e+00
   1.1742708e+01   0.0000000e+00
   1.1761406e+01   0.0000000e+00
   1.1780105e+01   0.0000000e+00
   1.1798803e+01   0.0000000e+00
   1.1817502e+01   0.0000000e+00
   1.1836200e+01   0.0000000e+00
   1.1854899e+01   0.0000000e+00
   1.1873598e+01   0.0000000e+00
   1.1892296e+01   0.0000000e+00
   1.1910995e+01   0.0000000e+00
   1.1929693e+01   0.0000000e+00
   1.1948392e+01   0.0000000e+00
   1.1967091e+01   0.0000000e+00
   1.1985789e+01   0.0000000e+00
   1.2004488e+01   0.0000000e+00
   1.2023186e+01   0.0000000e+00
   1.2041885e+01   0.0000000e+00
   1.2060583e+01   0.0000000e+00
   1.2079282e+01   0.0000000e+00
   1.2097981e+01   0.0000000e+00
   1.2116679e+01   0.0000000e+00
   1.2135378e+01   0.0000000e+00
   1.2154076e+01   0.0000000e+00
   1.2172775e+01   0.0000000e+00
   1.2191473e+01   0.0000000e+00
   1.2210172e+01   0.0000000e+00
   1.2228871e+01   0.0000000e+00
   1.2247569e+01   0.0000000e+00
   1.2266268e+01   0.0000000e+00
   1.2284966e+01   0.0000000e+00
   1.2303665e+01   0.0000000e+00
   1.2322364e+01   0.0000000e+00
   1.2341062e+01   0.0000000e+00
   1.2359761e+01   0.0000000e+00
   1.2378459e+01   0.0000000e+00
   1.2397158e+01   0.0000000e+00
   1.2415856e+01   0.0000000e+00
   1.2434555e+01   0.0000000e+00
   1.2453254e+01   0.0000000e+00
   1.2471952e+01   0.0000000e+00
   1.2490651e+01   0.0000000e+00
   1.2509349e+01   0.0000000e+00
   1.2528048e+01   0.0000000e+00
   1.2546746e+01   0.0000000e+00
   1.2565445e+01   0.0000000e+00
   1.2584144e+01   0.0000000e+00
   1.2602842e+01   0.0000000e+00
   1.2621541e+01   0.0000000e+00
   1.2640239e+01   0.0000000e+00
   1.2658938e+01   0.0000000e+00
   1.2677636e+01   0.0000000e+00
   1.2696335e+01   0.0000000e+00
   1.2715034e+01   0.0000000e+00
   1.2733732e+01   0.0000000e+00
   1.2752431e+01   0.0000000e+00
   1.2771129e+01   0.0000000e+00
   1.2789828e+01   0.0000000e+00
   1.2808527e+01   0.0000000e+00
   1.2827225e+01   0.0000000e+00
   1.2845924e+01   0.0000000e+00
   1.2864622e+01   0.0000000e+00
   1.2883321e+01   0.0000000e+00
   1.2902019e+01   0.0000000e+00
   1.2920718e+01   0.0000000e+00
   1.2939417e+01   0.0000000e+00
   1.2958115e+01   0.0000000e+00
   1.2976814e+01   0.0000000e+00
   1.2995512e+01   0.0000000e+00
   1.3014211e+01   0.0000000e+00
   1.3032909e+01   0.0000000e+00
   1.3051608e+01   0.0000000e+00
   1.3070307e+01   0.0000000e+00
   1.3089005e+01   0.0000000e+00
   1.3107704e+01   0.0000000e+00
   1.3126402e+01   0.0000000e+00
   1.3145101e+01   0.0000000e+00
   1.3163800e+01   0.0000000e+00
   1.3182498e+01   0.0000000e+00
   1.3201197e+01   0.0000000e+00
   1.3219895e+01   0.0000000e+00
   1.3238594e+01   0.0000000e+00
   1.3257292e+01   0.0000000e+00
   1.3275991e+01   0.0000000e+00
   1.3294690e+01   0.0000000e+00
   1.3313388e+01   0.0000000e+00
   1.3332087e+01   0.0000000e+00
   1.3350785e+01   0.0000000e+00
   1.3369484e+01   0.0000000e+00
   1.3388182e+01   0.0000000e+00
   1.3406881e+01   0.0000000e+00
   1.3425580e+01   0.0000000e+00
   1.3444278e+01   0.0000000e+00
   1.3462977e+01   0.0000000e+00
   1.3481675e+01   0.0000000e+00
   1.3500374e+01   0.0000000e+00
   1.3519073e+01   0.0000000e+00
   1.3537771e+01   0.0000000e+00
   1.3556470e+01   0.0000000e+00
   1.3575168e+01   0.0000000e+00
   1.3593867e+01   0.0000000e+00
   1.3612565e+01   0.0000000e+00
   1.3631264e+01   0.0000000e+00
   1.3649963e+01   0.0000000e+00
   1.3668661e+01   0.0000000e+00
   1.3687360e+01   0.0000000e+00
   1.3706058e+01   0.0000000e+00
   1.3724757e+01   0.0000000e+00
   1.3743455e+01   0.0000000e+00
   1.3762154e+01   0.0000000e+00
   1.3780853e+01   0.0000000e+00
   1.3799551e+01   0.0000000e+00
   1.3818250e+01   0.0000000e+00
   1.3836948e+01   0.0000000e+00
   1.3855647e+01   0.0000000e+00
   1.3874346e+01   0.0000000e+00
   1.3893044e+01   0.0000000e+00
   1.3911743e+01   0.0000000e+00
   1.3930441e+01   0.0000000e+00
   1.3949140e+01   0.0000000e+00
   1.3967838e+01   0.0000000e+00
   1.3986537e+01   0.0000000e+00
   1.4005236e+01   0.0000000e+00
   1.4023934e+01   0.0000000e+00
   1.4042633e+01   0.0000000e+00
   1.4061331e+01   0.0000000e+00
   1.4080030e+01   0.0000000e+00
   1.4098728e+01   0.0000000e+00
   1.4117427e+01   0.0000000e+00
   1.4136126e+01   0.0000000e+00
   1.4154824e+01   0.0000000e+00
   1.4173523e+01   0.0000000e+00
   1.4192221e+01   0.0000000e+00
   1.4210920e+01   0.0000000e+00
   1.4229619e+01   0.0000000e+00
   1.4248317e+01   0.0000000e+00
   1.4267016e+01   0.0000000e+00
   1.4285714e+01   0.0000000e+00
   1.4304413e+01   0.0000000e+00
   1.4323111e+01   0.0000000e+00
   1.4341810e+01   0.0000000e+00
   1.4360509e+01   0.0000000e+00
   1.4379207e+01   0.0000000e+00
   1.4397906e+01   0.0000000e+00
   1.4416604e+01   0.0000000e+00
   1.4435303e+01   0.0000000e+00
   1.4454001e+01   0.0000000e+00
   1.4472700e+01   0.0000000e+00
   1.4491399e+01   0.0000000e+00
   1.4510097e+01   0.0000000e+00
   1.4528796e+01   0.0000000e+00
   1.4547494e+01   0.0000000e+00
   1.4566193e+01   0.0000000e+00
   1.4584892e+01   0.0000000e+00
   1.4603590e+01   0.0000000e+00
   1.4622289e+01   0.0000000e+00
   1.4640987e+01   0.0000000e+00
   1.4659686e+01   0.0000000e+00
   1.4678384e+01   0.0000000e+00
   1.4697083e+01   0.0000000e+00
   1.4715782e+01   0.0000000e+00
   1.4734480e+01   0.0000000e+00
   1.4753179e+01   0.0000000e+00
   1.4771877e+01   0.0000000e+00
   1.4790576e+01   0.0000000e+00
   1.4809274e+01   0.0000000e+00
   1.4827973e+01   0.0000000e+00
   1.4846672e+01   0.0000000e+00
   1.4865370e+01   0.0000000e+00
   1.4884069e+01   0.0000000e+00
   1.4902767e+01   0.0000000e+00
   1.4921466e+01   0.0000000e+00
   1.4940165e+01   0.0000000e+00
   1.4958863e+01   0.0000000e+00
   1.4977562e+01   0.0000000e+00
   1.4996260e+01   0.0000000e+00
   1.5014959e+01   0.0000000e+00
   1.5033657e+01   0.0000000e+00
   1.5052356e+01   0.0000000e+00
   1.5071055e+01   0.0000000e+00
   1.5089753e+01   0.0000000e+00
   1.5108452e+01   0.0000000e+00
   1.5127150e+01   0.0000000e+00
   1.5145849e+01   0.0000000e+00
   1.5164547e+01   0.0000000e+00
   1.5183246e+01   0.0000000e+00
   1.5201945e+01   0.0000000e+00
   1.5220643e+01   0.0000000e+00
   1.5239342e+01   0.0000000e+00
   1.5258040e+01   0.0000000e+00
   1.5276739e+01   0.0000000e+00
   1.5295438e+01   0.0000000e+00
   1.5314136e+01   0.0000000e+00
   1.5332835e+01   0.0000000e+00
   1.5351533e+01   0.0000000e+00
   1.5370232e+01   0.0000000e+00
   1.5388930e+01   0.0000000e+00
   1.5407629e+01   0.0000000e+00
   1.5426328e+01   0.0000000e+00
   1.5445026e+01   0.0000000e+00
   1.5463725e+01   0.0000000e+00
   1.5482423e+01   0.0000000e+00
   1.5501122e+01   0.0000000e+00
   1.5519820e+01   0.0000000e+00
   1.5538519e+01   0.0000000e+00
   1.5557218e+01   0.0000000e+00
   1.5575916e+01   0.0000000e+00
   1.5594615e+01   0.0000000e+00
   1.5613313e+01   0.0000000e+00
   1.5632012e+01   0.0000000e+00
   1.5650711e+01   0.0000000e+00
   1.5669409e+01   0.0000000e+00
   1.5688108e+01   0.0000000e+00
   1.5706806e+01   0.0000000e+00
   1.5725505e+01   0.0000000e+00
   1.5744203e+01   0.0000000e+00
   1.5762902e+01   0.0000000e+00
   1.5781601e+01   0.0000000e+00
   1.5800299e+01   0.0000000e+00
   1.5818998e+01   0.0000000e+00
   1.5837696e+01   0.0000000e+00
   1.5856395e+01   0.0000000e+00
   1.5875093e+01   0.0000000e+00
   1.5893792e+01   0.0000000e+00
   1.5912491e+01   0.0000000e+00
   1.5931189e+01   0.0000000e+00
   1.5949888e+01   0.0000000e+00
   1.5968586e+01   0.0000000e+00
   1.5987285e+01   0.0000000e+00
   1.6005984e+01   0.0000000e+00
   1.6024682e+01   0.0000000e+00
   1.6043381e+01   0.0000000e+00
   1.6062079e+01   0.0000000e+00
   1.6080778e+01   0.0000000e+00
   1.6099476e+01   0.0000000e+00
   1.6118175e+01   0.0000000e+00
   1.6136874e+01   0.0000000e+00
   1.6155572e+01   0.0000000e+00
   1.6174271e+01   0.0000000e+00
   1.6192969e+01   0.0000000e+00
   1.6211668e+01   0.0000000e+00
   1.6230366e+01   0.0000000e+00
   1.6249065e+01   0.0000000e+00
   1.6267764e+01   0.0000000e+00
   1.6286462e+01   0.0000000e+00
   1.6305161e+01   0.0000000e+00
   1.6323859e+01   0.0000000e+00
   1.6342558e+01   0.0000000e+00
   1.6361257e+01   0.0000000e+00
   1.6379955e+01   0.0000000e+00
   1.6398654e+01   0.0000000e+00
   1.6417352e+01   0.0000000e+00
   1.6436051e+01   0.0000000e+00
   1.6454749e+01   0.0000000e+00
   1.6473448e+01   0.0000000e+00
   1.6492147e+01   0.0000000e+00
   1.6510845e+01   0.0000000e+00
   1.6529544e+01   0.0000000e+00
   1.6548242e+01   0.0000000e+00
   1.6566941e+01   0.0000000e+00
   1.6585639e+01   0.0000000e+00
   1.6604338e+01   0.0000000e+00
   1.6623037e+01   0.0000000e+00
   1.6641735e+01   0.0000000e+00
   1.6660434e+01   0.0000000e+00
   1.6679132e+01   0.0000000e+00
   1.6697831e+01   0.0000000e+00
   1.6716530e+01   0.0000000e+00
   1.6735228e+01   0.0000000e+00
   1.6753927e+01   0.0000000e+00
   1.6772625e+01   0.0000000e+00
   1.6791324e+01   0.0000000e+00
   1.6810022e+01   0.0000000e+00
   1.6828721e+01   0.0000000e+00
   1.6847420e+01   0.0000000e+00
   1.6866118e+01   0.0000000e+00
   1.6884817e+01   0.0000000e+00
   1.6903515e+01   0.0000000e+00
   1.6922214e+01   0.0000000e+00
   1.6940912e+01   0.0000000e+00
   1.6959611e+01   0.0000000e+00
   1.6978310e+01   0.0000000e+00
   1.6997008e+01   0.0000000e+00
   1.7015707e+01   0.0000000e+00
   1.7034405e+01   0.0000000e+00
   1.7053104e+01   0.0000000e+00
   1.7071803e+01   0.0000000e+00
   1.7090501e+01   0.0000000e+00
   1.7109200e+01   0.0000000e+00
   1.7127898e+01   0.0000000e+00
   1.7146597e+01   0.0000000e+00
   1.7165295e+01   0.0000000e+00
   1.7183994e+01   0.0000000e+00
   1.7202693e+01   0.0000000e+00
   1.7221391e+01   0.0000000e+00
   1.7240090e+01   0.0000000e+00
   1.7258788e+01   0.0000000e+00
   1.7277487e+01   0.0000000e+00
   1.7296185e+01   0.0000000e+00
   1.7314884e+01   0.0000000e+00
   1.7333583e+01   0.0000000e+00
   1.7352281e+01   0.0000000e+00
   1.7370980e+01   0.0000000e+00
   1.7389678e+01   0.0000000e+00
   1.7408377e+01   0.0000000e+00
   1.7427076e+01   0.0000000e+00
   1.7445774e+01   0.0000000e+00
   1.7464473e+01   0.0000000e+00
   1.7483171e+01   0.0000000e+00
   1.7501870e+01   0.0000000e+00
   1.7520568e+01   0.0000000e+00
   1.7539267e+01   0.0000000e+00
   1.7557966e+01   0.0000000e+00
   1.7576664e+01   0.0000000e+00
   1.7595363e+01   0.0000000e+00
   1.7614061e+01   0.0000000e+00
   1.7632760e+01   0.0000000e+00
   1.7651458e+01   0.0000000e+00
   1.7670157e+01   0.0000000e+00
   1.7688856e+01   0.0000000e+00
   1.7707554e+01   0.0000000e+00
   1.7726253e+01   0.0000000e+00
   1.7744951e+01   0.0000000e+00
   1.7763650e+01   0.0000000e+00
   1.7782349e+01   0.0000000e+00
   1.7801047e+01   0.0000000e+00
   1.7819746e+01   0.0000000e+00
   1.7838444e+01   0.0000000e+00
   1.7857143e+01   0.0000000e+00
   1.7875841e+01   0.0000000e+00
   1.7894540e+01   0.0000000e+00
   1.7913239e+01   0.0000000e+00
   1.7931937e+01   0.0000000e+00
   1.7950636e+01   0.0000000e+00
   1.7969334e+01   0.0000000e+00
   1.7988033e+01   0.0000000e+00
   1.8006731e+01   0.0000000e+00
   1.8025430e+01   0.0000000e+00
   1.8044129e+01   0.0000000e+00
   1.8062827e+01   0.0000000e+00
   1.8081526e+01   0.0000000e+00
   1.8100224e+01   0.0000000e+00
   1.8118923e+01   0.0000000e+00
   1.8137622e+01   0.0000000e+00
   1.8156320e+01   0.0000000e+00
   1.8175019e+01   0.0000000e+00
   1.8193717e+01   0.0000000e+00
   1.8212416e+01   0.0000000e+00
   1.8231114e+01   0.0000000e+00
   1.8249813e+01   0.0000000e+00
   1.8268512e+01   0.0000000e+00
   1.8287210e+01   0.0000000e+00
   1.8305909e+01   0.0000000e+00
   1.8324607e+01   0.0000000e+00
   1.8343306e+01   0.0000000e+00
   1.8362004e+01   0.0000000e+00
   1.8380703e+01   0.0000000e+00
   1.8399402e+01   0.0000000e+00
   1.8418100e+01   0.0000000e+00
   1.8436799e+01   0.0000000e+00
   1.8455497e+01   0.0000000e+00
   1.8474196e+01   0.0000000e+00
   1.8492895e+01   0.0000000e+00
   1.8511593e+01   0.0000000e+00
   1.8530292e+01   0.0000000e+00
   1.8548990e+01   0.0000000e+00
   1.8567689e+01   0.0000000e+00
   1.8586387e+01   0.0000000e+00
   1.8605086e+01   0.0000000e+00
   1.8623785e+01   0.0000000e+00
   1.8642483e+01   0.0000000e+00
   1.8661182e+01   0.0000000e+00
   1.8679880e+01   0.0000000e+00
   1.8698579e+01   0.0000000e+00
   1.8717277e+01   0.0000000e+00
   1.8735976e+01   0.0000000e+00
   1.8754675e+01   0.0000000e+00
   1.8773373e+01   0.0000000e+00
   1.8792072e+01   0.0000000e+00
   1.8810770e+01   0.0000000e+00
   1.8829469e+01   0.0000000e+00
   1.8848168e+01   0.0000000e+00
   1.8866866e+01   0.0000000e+00
   1.8885565e+01   0.0000000e+00
   1.8904263e+01   0.0000000e+00
   1.8922962e+01   0.0000000e+00
   1.8941660e+01   0.0000000e+00
   1.8960359e+01   0.0000000e+00
   1.8979058e+01   0.0000000e+00
   1.8997756e+01   0.0000000e+00
   1.9016455e+01   0.0000000e+00
   1.9035153e+01   0.0000000e+00
   1.9053852e+01   0.0000000e+00
   1.9072550e+01   0.0000000e+00
   1.9091249e+01   0.0000000e+00
   1.9109948e+01   0.0000000e+00
   1.9128646e+01   0.0000000e+00
   1.9147345e+01   0.0000000e+00
   1.9166043e+01   0.0000000e+00
   1.9184742e+01   0.0000000e+00
   1.9203441e+01   0.0000000e+00
   1.9222139e+01   0.0000000e+00
   1.9240838e+01   0.0000000e+00
   1.9259536e+01   0.0000000e+00
   1.9278235e+01   0.0000000e+00
   1.9296933e+01   0.0000000e+00
   1.9315632e+01   0.0000000e+00
   1.9334331e+01   0.0000000e+00
   1.9353029e+01   0.0000000e+00
   1.9371728e+01   0.0000000e+00
   1.9390426e+01   0.0000000e+00
   1.9409125e+01   0.0000000e+00
   1.9427823e+01   0.0000000e+00
   1.9446522e+01   0.0000000e+00
   1.9465221e+01   0.0000000e+00
   1.9483919e+01   0.0000000e+00
   1.9502618e+01   0.0000000e+00
   1.9521316e+01   0.0000000e+00
   1.9540015e+01   0.0000000e+00
   1.9558714e+01   0.0000000e+00
   1.9577412e+01   0.0000000e+00
   1.9596111e+01   0.0000000e+00
   1.9614809e+01   0.0000000e+00
   1.9633508e+01   0.0000000e+00
   1.9652206e+01   0.0000000e+00
   1.9670905e+01   0.0000000e+00
   1.9689604e+01   0.0000000e+00
   1.9708302e+01   0.0000000e+00
   1.9727001e+01   0.0000000e+00
   1.9745699e+01   0.0000000e+00
   1.9764398e+01   0.0000000e+00
   1.9783096e+01   0.0000000e+00
   1.9801795e+01   0.0000000e+00
   1.9820494e+01   0.0000000e+00
   1.9839192e+01   0.0000000e+00
   1.9857891e+01   0.0000000e+00
   1.9876589e+01   0.0000000e+00
   1.9895288e+01   0.0000000e+00
   1.9913987e+01   0.0000000e+00
   1.9932685e+01   0.0000000e+00
   1.9951384e+01   0.0000000e+00
   1.9970082e+01   0.0000000e+00
   1.9988781e+01   0.0000000e+00
   2.0007479e+01   0.0000000e+00
   2.0026178e+01   0.0000000e+00
   2.0044877e+01   0.0000000e+00
   2.0063575e+01   0.0000000e+00
   2.0082274e+01   0.0000000e+00
   2.0100972e+01   0.0000000e+00
   2.0119671e+01   0.0000000e+00
   2.0138369e+01   0.0000000e+00
   2.0157068e+01   0.0000000e+00
   2.0175767e+01   0.0000000e+00
   2.0194465e+01   0.0000000e+00
   2.0213164e+01   0.0000000e+00
   2.0231862e+01   0.0000000e+00
   2.0250561e+01   0.0000000e+00
   2.0269260e+01   0.0000000e+00
   2.0287958e+01   0.0000000e+00
   2.0306657e+01   0.0000000e+00
   2.0325355e+01   0.0000000e+00
   2.0344054e+01   0.0000000e+00
   2.0362752e+01   0.0000000e+00
   2.0381451e+01   0.0000000e+00
   2.0400150e+01   0.0000000e+00
   2.0418848e+01   0.0000000e+00
   2.0437547e+01   0.0000000e+00
   2.0456245e+01   0.0000000e+00
   2.0474944e+01   0.0000000e+00
   2.0493642e+01   0.0000000e+00
   2.0512341e+01   0.0000000e+00
   2.0531040e+01   0.0000000e+00
   2.0549738e+01   0.0000000e+00
   2.0568437e+01   0.0000000e+00
   2.0587135e+01   0.0000000e+00
   2.0605834e+01   0.0000000e+00
   2.0624533e+01   0.0000000e+00
   2.0643231e+01   0.0000000e+00
   2.0661930e+01   0.0000000e+00
   2.0680628e+01   0.0000000e+00
   2.0699327e+01   0.0000000e+00
   2.0718025e+01   0.0000000e+00
   2.0736724e+01   0.0000000e+00
   2.0755423e+01   0.0000000e+00
   2.0774121e+01   0.0000000e+00
   2.0792820e+01   0.0000000e+00
   2.0811518e+01   0.0000000e+00
   2.0830217e+01   0.0000000e+00
   2.0848915e+01   0.0000000e+00
   2.0867614e+01   0.0000000e+00
   2.0886313e+01   0.0000000e+00
   2.0905011e+01   0.0000000e+00
   2.0923710e+01   0.0000000e+00
   2.0942408e+01   0.0000000e+00
   2.0961107e+01   0.0000000e+00
   2.0979806e+01   0.0000000e+00
   2.0998504e+01   0.0000000e+00
   2.1017203e+01   0.0000000e+00
   2.1035901e+01   0.0000000e+00
   2.1054600e+01   0.0000000e+00
   2.1073298e+01   0.0000000e+00
   2.1091997e+01   0.0000000e+00
   2.1110696e+01   0.0000000e+00
   2.1129394e+01   0.0000000e+00
   2.1148093e+01   0.0000000e+00
   2.1166791e+01   0.0000000e+00
   2.1185490e+01   0.0000000e+00
   2.1204188e+01   0.0000000e+00
   2.1222887e+01   0.0000000e+00
   2.1241586e+01   0.0000000e+00
   2.1260284e+01   0.0000000e+00
   2.1278983e+01   0.0000000e+00
   2.1297681e+01   0.0000000e+00
   2.1316380e+01   0.0000000e+00
   2.1335079e+01   0.0000000e+00
   2.1353777e+01   0.0000000e+00
   2.1372476e+01   0.0000000e+00
   2.1391174e+01   0.0000000e+00
   2.1409873e+01   0.0000000e+00
   2.1428571e+01   0.0000000e+00
   2.1447270e+01   0.0000000e+00
   2.1465969e+01   0.0000000e+00
   2.1484667e+01   0.0000000e+00
   2.1503366e+01   0.0000000e+00
   2.1522064e+01   0.0000000e+00
   2.1540763e+01   0.0000000e+00
   2.1559461e+01   0.0000000e+00
   2.1578160e+01   0.0000000e+00
   2.1596859e+01   0.0000000e+00
   2.1615557e+01   0.0000000e+00
   2.1634256e+01   0.0000000e+00
   2.1652954e+01   0.0000000e+00
   2.1671653e+01   0.0000000e+00
   2.1690352e+01   0.0000000e+00
   2.1709050e+01   0.0000000e+00
   2.1727749e+01   0.0000000e+00
   2.1746447e+01   0.0000000e+00
   2.1765146e+01   0.0000000e+00
   2.1783844e+01   0.0000000e+00
   2.1802543e+01   0.0000000e+00
   2.1821242e+01   0.0000000e+00
   2.1839940e+01   0.0000000e+00
   2.1858639e+01   0.0000000e+00
   2.1877337e+01   0.0000000e+00
   2.1896036e+01   0.0000000e+00
   2.1914734e+01   0.0000000e+00
   2.1933433e+01   0.0000000e+00
   2.1952132e+01   0.0000000e+00
   2.1970830e+01   0.0000000e+00
   2.1989529e+01   0.0000000e+00
   2.2008227e+01   0.0000000e+00
   2.2026926e+01   0.0000000e+00
   2.2045625e+01   0.0000000e+00
   2.2064323e+01   0.0000000e+00
   2.2083022e+01   0.0000000e+00
   2.2101720e+01   0.0000000e+00
   2.2120419e+01   0.0000000e+00
   2.2139117e+01   0.0000000e+00
   2.2157816e+01   0.0000000e+00
   2.2176515e+01   0.0000000e+00
   2.2195213e+01   0.0000000e+00
   2.2213912e+01   0.0000000e+00
   2.2232610e+01   0.0000000e+00
   2.2251309e+01   0.0000000e+00
   2.2270007e+01   0.0000000e+00
   2.2288706e+01   0.0000000e+00
   2.2307405e+01   0.0000000e+00
   2.2326103e+01   0.0000000e+00
   2.2344802e+01   0.0000000e+00
   2.2363500e+01   0.0000000e+00
   2.2382199e+01   0.0000000e+00
   2.2400898e+01   0.0000000e+00
   2.2419596e+01   0.0000000e+00
   2.2438295e+01   0.0000000e+00
   2.2456993e+01   0.0000000e+00
   2.2475692e+01   0.0000000e+00
   2.2494390e+01   0.0000000e+00
   2.2513089e+01   0.0000000e+00
   2.2531788e+01   0.0000000e+00
   2.2550486e+01   0.0000000e+00
   2.2569185e+01   0.0000000e+00
   2.2587883e+01   0.0000000e+00
   2.2606582e+01   0.0000000e+00
   2.2625280e+01   0.0000000e+00
   2.2643979e+01   0.0000000e+00
   2.2662678e+01   0.0000000e+00
   2.2681376e+01   0.0000000e+00
   2.2700075e+01   0.0000000e+00
   2.2718773e+01   0.0000000e+00
   2.2737472e+01   0.0000000e+00
   2.2756171e+01   0.0000000e+00
   2.2774869e+01   0.0000000e+00
   2.2793568e+01   0.0000000e+00
   2.2812266e+01   0.0000000e+00
   2.2830965e+01   0.0000000e+00
   2.2849663e+01   0.0000000e+00
   2.2868362e+01   0.0000000e+00
   2.2887061e+01   0.0000000e+00
   2.2905759e+01   0.0000000e+00
   2.2924458e+01   0.0000000e+00
   2.2943156e+01   0.0000000e+00
   2.2961855e+01   0.0000000e+00
   2.2980553e+01   0.0000000e+00
   2.2999252e+01   0.0000000e+00
   2.3017951e+01   0.0000000e+00
   2.3036649e+01   0.0000000e+00
   2.3055348e+01   0.0000000e+00
   2.3074046e+01   0.0000000e+00
   2.3092745e+01   0.0000000e+00
   2.3111444e+01   0.0000000e+00
   2.3130142e+01   0.0000000e+00
   2.3148841e+01   0.0000000e+00
   2.3167539e+01   0.0000000e+00
   2.3186238e+01   0.0000000e+00
   2.3204936e+01   0.0000000e+00
   2.3223635e+01   0.0000000e+00
   2.3242334e+01   0.0000000e+00
   2.3261032e+01   0.0000000e+00
   2.3279731e+01   0.0000000e+00
   2.3298429e+01   0.0000000e+00
   2.3317128e+01   0.0000000e+00
   2.3335826e+01   0.0000000e+00
   2.3354525e+01   0.0000000e+00
   2.3373224e+01   0.0000000e+00
   2.3391922e+01   0.0000000e+00
   2.3410621e+01   0.0000000e+00
   2.3429319e+01   0.0000000e+00
   2.3448018e+01   0.0000000e+00
   2.3466717e+01   0.0000000e+00
   2.3485415e+01   0.0000000e+00
   2.3504114e+01   0.0000000e+00
   2.3522812e+01   0.0000000e+00
   2.3541511e+01   0.0000000e+00
   2.3560209e+01   0.0000000e+00
   2.3578908e+01   0.0000000e+00
   2.3597607e+01   0.0000000e+00
   2.3616305e+01   0.0000000e+00
   2.3635004e+01   0.0000000e+00
   2.3653702e+01   0.0000000e+00
   2.3672401e+01   0.0000000e+00
   2.3691099e+01   0.0000000e+00
   2.3709798e+01   0.0000000e+00
   2.3728497e+01   0.0000000e+00
   2.3747195e+01   0.0000000e+00
   2.3765894e+01   0.0000000e+00
   2.3784592e+01   0.0000000e+00
   2.3803291e+01   0.0000000e+00
   2.3821990e+01   0.0000000e+00
   2.3840688e+01   0.0000000e+00
   2.3859387e+01   0.0000000e+00
   2.3878085e+01   0.0000000e+00
   2.3896784e+01   0.0000000e+00
   2.3915482e+01   0.0000000e+00
   2.3934181e+01   0.0000000e+00
   2.3952880e+01   0.0000000e+00
   2.3971578e+01   0.0000000e+00
   2.3990277e+01   0.0000000e+00
   2.4008975e+01   0.0000000e+00
   2.4027674e+01   0.0000000e+00
   2.4046372e+01   0.0000000e+00
   2.4065071e+01   0.0000000e+00
   2.4083770e+01   0.0000000e+00
   2.4102468e+01   0.0000000e+00
   2.4121167e+01   0.0000000e+00
   2.4139865e+01   0.0000000e+00
   2.4158564e+01   0.0000000e+00
   2.4177263e+01   0.0000000e+00
   2.4195961e+01   0.0000000e+00
   2.4214660e+01   0.0000000e+00
   2.4233358e+01   0.0000000e+00
   2.4252057e+01   0.0000000e+00
   2.4270755e+01   0.0000000e+00
   2.4289454e+01   0.0000000e+00
   2.4308153e+01   0.0000000e+00
   2.4326851e+01   0.0000000e+00
   2.4345550e+01   0.0000000e+00
   2.4364248e+01   0.0000000e+00
   2.4382947e+01   0.0000000e+00
   2.4401645e+01   0.0000000e+00
   2.4420344e+01   0.0000000e+00
   2.4439043e+01   0.0000000e+00
   2.4457741e+01   0.0000000e+00
   2.4476440e+01   0.0000000e+00
   2.4495138e+01   0.0000000e+00
   2.4513837e+01   0.0000000e+00
   2.4532536e+01   0.0000000e+00
   2.4551234e+01   0.0000000e+00
   2.4569933e+01   0.0000000e+00
   2.4588631e+01   0.0000000e+00
   2.4607330e+01   0.0000000e+00
   2.4626028e+01   0.0000000e+00
   2.4644727e+01   0.0000000e+00
   2.4663426e+01   0.0000000e+00
   2.4682124e+01   0.0000000e+00
   2.4700823e+01   0.0000000e+00
   2.4719521e+01   0.0000000e+00
   2.4738220e+01   0.0000000e+00
   2.4756918e+01   0.0000000e+00
   2.4775617e+01   0.0000000e+00
   2.4794316e+01   0.0000000e+00
   2.4813014e+01   0.0000000e+00
   2.4831713e+01   0.0000000e+00
   2.4850411e+01   0.0000000e+00
   2.4869110e+01   0.0000000e+00
   2.4887809e+01   0.0000000e+00
   2.4906507e+01   0.0000000e+00
   2.4925206e+01   0.0000000e+00
   2.4943904e+01   0.0000000e+00
   2.4962603e+01   0.0000000e+00
   2.4981301e+01   0.0000000e+00
   2.5000000e+01   0.0000000e+00
