  9.349289500000001E-002  7.199190509222984E-002
  0.112191470000000       8.757114407463347E-002
  0.130890050000000       0.104143429908746     
  0.149588630000000       0.124368736048120     
  0.168287210000000       0.137557403950576     
  0.186985790000000       0.150573190873614     
  0.205684370000000       0.150539385819901     
  0.224382950000000       0.167986741193910     
  0.243081530000000       0.192103685429971     
  0.261780100000000       0.216450211325315     
  0.280478680000000       0.238217366834435     
  0.299177260000000       0.255068757544953     
  0.317875840000000       0.268366516303434     
  0.336574420000000       0.277575989726632     
  0.355273000000000       0.282184612179851     
  0.373971580000000       0.282655373948870     
  0.392670160000000       0.305512157526822     
  0.411368740000000       0.302418151464823     
  0.430067310000000       0.320933358391227     
  0.448765890000000       0.371895479982892     
  0.467464470000000       0.351932109513457     
  0.486163050000000       0.413625695392078     
  0.504861630000000       0.426124366917071     
  0.523560210000000       0.401357293068941     
  0.542258790000000       0.425077463582977     
  0.560957370000000       0.465372290300446     
  0.579655950000000       0.462568317112907     
  0.598354530000000       0.460030618095768     
  0.617053100000000       0.484900288844362     
  0.635751680000000       0.485061280765552     
  0.654450260000000       0.506730768941402     
  0.673148840000000       0.528591599348374     
  0.691847420000000       0.544459490483274     
  0.710546000000000       0.552685989668209     
  0.729244580000000       0.592250654415697     
  0.747943160000000       0.594827115307702     
  0.766641740000000       0.592864977872066     
  0.785340310000000       0.617580311485978     
  0.804038890000000       0.646035286070101     
  0.822737470000000       0.636330443952643     
  0.841436050000000       0.580692361020595     
  0.860134630000000       0.570355546768029     
  0.878833210000000       0.589861912799851     
  0.897531790000000       0.586010436123321     
  0.916230370000000       0.609227871920645     
  0.934928950000000       0.632093462394550     
  0.953627520000000       0.627693575273841     
  0.972326100000000       0.612237540926607     
  0.991024680000000       0.593856044783988     
   1.00972330000000       0.617097038745709     
   1.02842180000000       0.629037780515477     
   1.04712040000000       0.609909893900285     
   1.06581900000000       0.586994304666092     
   1.08451760000000       0.616182583967711     
   1.10321620000000       0.626936818183877     
   1.12191470000000       0.609509435840559     
   1.14061330000000       0.571730238693132     
   1.15931190000000       0.539479107476331     
   1.17801050000000       0.537458336026320     
   1.19670910000000       0.565107563682169     
   1.21540760000000       0.599622103322527     
   1.23410620000000       0.619161073056539     
   1.25280480000000       0.621992948634536     
   1.27150340000000       0.615843458759321     
   1.29020190000000       0.608446109337758     
   1.30890050000000       0.605893583983248     
   1.32759910000000       0.607170875621243     
   1.34629770000000       0.607436881119324     
   1.36499630000000       0.609436431258208     
   1.38369480000000       0.611250372994404     
   1.40239340000000       0.607454266318475     
   1.42109200000000       0.598663788159849     
   1.43979060000000       0.580483391449020     
   1.45848920000000       0.563425862154477     
   1.47718770000000       0.559375790902801     
   1.49588630000000       0.569948576626437     
   1.51458490000000       0.588364193199019     
   1.53328350000000       0.600230926710310     
   1.55198200000000       0.601783126678688     
   1.57068060000000       0.600059922907881     
   1.58937920000000       0.598101983694251     
   1.60807780000000       0.603309632155816     
   1.62677640000000       0.608720041066229     
   1.64547490000000       0.612644027408573     
   1.66417350000000       0.611548955017983     
   1.68287210000000       0.614204624105455     
   1.70157070000000       0.615297887079701     
   1.72026930000000       0.614940173048867     
   1.73896780000000       0.617627116171532     
   1.75766640000000       0.619047892785121     
   1.77636500000000       0.619311459671945     
   1.79506360000000       0.618537639008215     
   1.81376220000000       0.616852048880131     
   1.83246070000000       0.614381096191001     
   1.85115930000000       0.612976190093250     
   1.86985790000000       0.612989163781918     
   1.88855650000000       0.612497964173426     
   1.90725500000000       0.611594641999867     
   1.92595360000000       0.610356773835803     
   1.94465220000000       0.608845078167512     
   1.96335080000000       0.607101777224845     
   1.98204940000000       0.605149822671969     
   2.00074790000000       0.602992989102690     
   2.01944650000000       0.603702462431767     
   2.03814510000000       0.604356614613120     
   2.05684370000000       0.604785054719915     
   2.07554230000000       0.604940212802555     
   2.09424080000000       0.604763154634384     
   2.11293940000000       0.604186829861771     
   2.13163800000000       0.603139677943552     
   2.15033660000000       0.601549423542669     
   2.16903520000000       0.599346910794895     
   2.18773370000000       0.598987238718927     
   2.20643230000000       0.609777006785848     
   2.22513090000000       0.620999094924724     
   2.24382950000000       0.623896445959501     
   2.26252800000000       0.627503021814744     
   2.28122660000000       0.619009846995279     
   2.29992520000000       0.604366127291336     
   2.31862380000000       0.588821182557787     
   2.33732240000000       0.578037062631590     
   2.35602090000000       0.573762608950039     
   2.37471950000000       0.601775429608273     
   2.39341810000000       0.618938227447444     
   2.41211670000000       0.625553544376488     
   2.43081530000000       0.628202661690599     
   2.44951380000000       0.632721826229422     
   2.46821240000000       0.634785949426118     
   2.48691100000000       0.627798810367240     
   2.50560960000000       0.617359571330909     
   2.52430820000000       0.610407185853018     
   2.54300670000000       0.600406127473442     
   2.56170530000000       0.599904013447118     
   2.58040390000000       0.605044158121264     
   2.59910250000000       0.610128037012992     
   2.61780100000000       0.618482531117824     
   2.63649960000000       0.623080255256873     
   2.65519820000000       0.622793757332623     
   2.67389680000000       0.617026974272706     
   2.69259540000000       0.607910432300209     
   2.71129390000000       0.601345190051896     
   2.72999250000000       0.591982643485494     
   2.74869110000000       0.608465596910224     
   2.76738970000000       0.616978839828124     
   2.78608830000000       0.626888028435611     
   2.80478680000000       0.634640226002490     
   2.82348540000000       0.633834509420612     
   2.84218400000000       0.625754445338561     
   2.86088260000000       0.626361798656260     
   2.87958120000000       0.623614698665176     
   2.89827970000000       0.616908672820635     
   2.91697830000000       0.606798095324692     
   2.93567690000000       0.600666608572350     
   2.95437550000000       0.597397777354443     
   2.97307400000000       0.589454273029894     
   2.99177260000000       0.576432009654320     
   3.01047120000000       0.580383152375670     
   3.02916980000000       0.586051454913300     
   3.04786840000000       0.586629270213998     
   3.06656690000000       0.590323253806378     
   3.08526550000000       0.604203676716620     
   3.10396410000000       0.609804932481140     
   3.12266270000000       0.606865345028074     
   3.14136130000000       0.597399989815192     
   3.16005980000000       0.597452728811557     
   3.17875840000000       0.607121881505656     
   3.19745700000000       0.610308341173736     
   3.21615560000000       0.606632597776920     
   3.23485420000000       0.596921630737143     
   3.25355270000000       0.588116654184436     
   3.27225130000000       0.595477775614720     
   3.29094990000000       0.602064498631276     
   3.30964850000000       0.604467881370929     
   3.32834700000000       0.602706818278034     
   3.34704560000000       0.607325359118832     
   3.36574420000000       0.611668987225369     
   3.38444280000000       0.612385090411066     
   3.40314140000000       0.609763136521821     
   3.42183990000000       0.604089666672874     
   3.44053850000000       0.595598057207758     
   3.45923710000000       0.587995295011506     
   3.47793570000000       0.597321309234654     
   3.49663430000000       0.601035189242118     
   3.51533280000000       0.598402327484456     
   3.53403140000000       0.598070546262972     
   3.55273000000000       0.599307487654311     
   3.57142860000000       0.594707443449359     
   3.59012720000000       0.584965991263087     
   3.60882570000000       0.588132259533058     
   3.62752430000000       0.600946145911577     
   3.64622290000000       0.609530438240844     
   3.66492150000000       0.613925393241301     
   3.68362000000000       0.614216408455593     
   3.70231860000000       0.610552825232181     
   3.72101720000000       0.608374545664802     
   3.73971580000000       0.609081952004280     
   3.75841440000000       0.606264119418330     
   3.77711290000000       0.600594470538416     
   3.79581150000000       0.592970202915831     
   3.81451010000000       0.584406904816489     
   3.83320870000000       0.575914735122747     
   3.85190730000000       0.574816656489761     
   3.87060580000000       0.585314237871895     
   3.88930440000000       0.594304278159996     
   3.90800300000000       0.601318009865002     
   3.92670160000000       0.605836492214537     
   3.94540010000000       0.607350552206039     
   3.96409870000000       0.605433138451953     
   3.98279730000000       0.599810644887539     
   4.00149590000000       0.592208641065384     
   4.02019450000000       0.593681428155627     
   4.03889300000000       0.591323829795476     
   4.05759160000000       0.585395884067130     
   4.07629020000000       0.576381330649935     
   4.09498880000000       0.571875500160269     
   4.11368740000000       0.571667382732209     
   4.13238590000000       0.569894821087245     
   4.15108450000000       0.566464211076765     
   4.16978310000000       0.561356844502415     
   4.18848170000000       0.554657627067027     
   4.20718030000000       0.546558931723367     
   4.22587880000000       0.541032456298055     
   4.24457740000000       0.548354278761825     
   4.26327600000000       0.553998893120089     
   4.28197460000000       0.557950249810637     
   4.30067310000000       0.560224622747322     
   4.31937170000000       0.560870060857960     
   4.33807030000000       0.559964333493256     
   4.35676890000000       0.557611614173162     
   4.37546750000000       0.553937809420049     
   4.39416600000000       0.549084868921701     
   4.41286460000000       0.546475443815035     
   4.43156320000000       0.549022057303277     
   4.45026180000000       0.550515800354059     
   4.46896040000000       0.551080119057906     
   4.48765890000000       0.550836926190178     
   4.50635750000000       0.549900402461565     
   4.52505610000000       0.548371624898614     
   4.54375470000000       0.546334329005787     
   4.56245330000000       0.543852065741285     
   4.58115180000000       0.542267145481936     
   4.59985040000000       0.547123297023367     
   4.61854900000000       0.551009987693698     
   4.63724760000000       0.553930670748587     
   4.65594610000000       0.555875145380493     
   4.67464470000000       0.556822848328609     
   4.69334330000000       0.556747156814168     
   4.71204190000000       0.555620460441159     
   4.73074050000000       0.553419349971915     
   4.74943900000000       0.550129547486869     
   4.76813760000000       0.545750034480198     
   4.78683620000000       0.545343795181203     
   4.80553480000000       0.548419344978887     
   4.82423340000000       0.550337613943462     
   4.84293190000000       0.551098452292382     
   4.86163050000000       0.550720597219361     
   4.88032910000000       0.549241336228135     
   4.89902770000000       0.546715246125018     
   4.91772630000000       0.543212157763770     
   4.93642480000000       0.538814681301912     
   4.95512340000000       0.533615419412494     
   4.97382200000000       0.527714499074825     
   4.99252060000000       0.521217165596884     
   5.01121910000000       0.514231965192588     
   5.02991770000000       0.506869215686478     
   5.04861630000000       0.499240327934670     
   5.06731490000000       0.491457121814977     
   5.08601350000000       0.492486919827116     
   5.10471200000000       0.493749419053692     
   5.12341060000000       0.494938150229768     
   5.14210920000000       0.496043370641276     
   5.16080780000000       0.497045059087137     
   5.17950640000000       0.497921141497167     
   5.19820490000000       0.498654956225002     
   5.21690350000000       0.499239344750424     
   5.23560210000000       0.499675677172993     
   5.25430070000000       0.499967885620817     
   5.27299930000000       0.500113054421080     
   5.29169780000000       0.500091207620517     
   5.31039640000000       0.499857024553444     
   5.32909500000000       0.499335588717059     
   5.34779360000000       0.498423233201483     
   5.36649210000000       0.496993458172411     
   5.38519070000000       0.494906873073492     
   5.40388930000000       0.492023549044327     
   5.42258790000000       0.488215503218903     
   5.44128650000000       0.483377402342613     
   5.45998500000000       0.477434160892146     
   5.47868360000000       0.476342073985993     
   5.49738220000000       0.476261878287719     
   5.51608080000000       0.479959125748226     
   5.53477940000000       0.483167624940153     
   5.55347790000000       0.485738162280785     
   5.57217650000000       0.487546545362778     
   5.59087510000000       0.488498355869282     
   5.60957370000000       0.488532085341377     
   5.62827230000000       0.487620286323851     
   5.64697080000000       0.485768826924249     
   5.66566940000000       0.483014282996511     
   5.68436800000000       0.479419871153051     
   5.70306660000000       0.475070066383994     
   5.72176510000000       0.472082066112535     
   5.74046370000000       0.472829173474027     
   5.75916230000000       0.472858423736829     
   5.77786090000000       0.472242197910193     
   5.79655950000000       0.471059691525511     
   5.81525800000000       0.469391440761202     
   5.83395660000000       0.467314395447443     
   5.85265520000000       0.464897975918607     
   5.87135380000000       0.462201141773336     
   5.89005240000000       0.459270711289812     
   5.90875090000000       0.456140908588362     
   5.92744950000000       0.452833957830945     
   5.94614810000000       0.449361811021817     
   5.96484670000000       0.445728444907911     
   5.98354530000000       0.449780707944941     
   6.00224380000000       0.458211789429048     
   6.02094240000000       0.466107818503842     
   6.03964100000000       0.473392103869364     
   6.05833960000000       0.480005403888859     
   6.07703810000000       0.485899124888883     
   6.09573670000000       0.491029601113749     
   6.11443530000000       0.495354387493635     
   6.13313390000000       0.498831781737358     
   6.15183250000000       0.501422757204752     
   6.17053100000000       0.503094453908340     
   6.18922960000000       0.503823891694830     
   6.20792820000000       0.503600584286114     
   6.22662680000000       0.502427519496540     
   6.24532540000000       0.500320259997782     
   6.26402390000000       0.497304678982379     
   6.28272250000000       0.493413951528915     
   6.30142110000000       0.488685846971054     
   6.32011970000000       0.483160648061890     
   6.33881820000000       0.476880372638994     
   6.35751680000000       0.469889153156140     
   6.37621540000000       0.466462916535633     
   6.39491400000000       0.466993474937996     
   6.41361260000000       0.466611463813458     
   6.43231110000000       0.465323724630740     
   6.45100970000000       0.463151432409787     
   6.46970830000000       0.460134210345224     
   6.48840690000000       0.456332948516877     
   6.50710550000000       0.451830655546653     
   6.52580400000000       0.446730894886077     
   6.54450260000000       0.441153644298845     
   6.56320120000000       0.435229467067973     
   6.58189980000000       0.429092274542707     
   6.60059840000000       0.426220073890160     
   6.61929690000000       0.428834437810499     
   6.63799550000000       0.430480492305258     
   6.65669410000000       0.431125126694996     
   6.67539270000000       0.430750656829979     
   6.69409120000000       0.430614401465726     
   6.71278980000000       0.433077939579348     
   6.73148840000000       0.435284401331399     
   6.75018700000000       0.437211182216799     
   6.76888560000000       0.438838607454903     
   6.78758410000000       0.440150305062702     
   6.80628270000000       0.441133515805179     
   6.82498130000000       0.441779233029011     
   6.84367990000000       0.442082310766383     
   6.86237850000000       0.442041431802898     
   6.88107700000000       0.441658989157331     
   6.89977560000000       0.440940865259008     
   6.91847420000000       0.439896154991611     
   6.93717280000000       0.438536804684691     
   6.95587140000000       0.436877208116792     
   6.97456990000000       0.434933777978431     
   6.99326850000000       0.432724445065798     
   7.01196710000000       0.430268261447504     
   7.03066570000000       0.427584915016448     
   7.04936420000000       0.426718202320660     
   7.06806280000000       0.427986219225380     
   7.08676140000000       0.428994772070195     
   7.10546000000000       0.429752298564261     
   7.12415860000000       0.430267819978182     
   7.14285710000000       0.430550624547515     
   7.16155570000000       0.430609997515268     
   7.18025430000000       0.430454986836001     
   7.19895290000000       0.430094240892043     
   7.21765150000000       0.429535896577737     
   7.23635000000000       0.428787535255261     
   7.25504860000000       0.427856177525738     
   7.27374720000000       0.426748376213332     
   7.29244580000000       0.425470321977901     
   7.31114440000000       0.424028011923375     
   7.32984290000000       0.423861393392909     
   7.34854150000000       0.424557266656470     
   7.36724010000000       0.424153233802408     
   7.38593870000000       0.424017825016014     
   7.40463720000000       0.429619098246311     
   7.42333580000000       0.434259569547704     
   7.44203440000000       0.437890447460093     
   7.46073300000000       0.440471305847410     
   7.47943160000000       0.441970907945231     
   7.49813010000000       0.442368439676067     
   7.51682870000000       0.441654983108361     
   7.53552730000000       0.439834989662914     
   7.55422590000000       0.436927535093444     
   7.57292450000000       0.432967066140256     
   7.59162300000000       0.428003513893545     
   7.61032160000000       0.422101512552009     
   7.62902020000000       0.415339147247657     
   7.64771880000000       0.407805794143251     
   7.66641740000000       0.400098210070049     
   7.68511590000000       0.398904243015659     
   7.70381450000000       0.397306558631038     
   7.72251310000000       0.399484474412592     
   7.74121170000000       0.404713144487295     
   7.75991020000000       0.408954051450402     
   7.77860880000000       0.412232831022425     
   7.79730740000000       0.414589592195744     
   7.81600600000000       0.416076294201650     
   7.83470460000000       0.416754087537822     
   7.85340310000000       0.416690862809251     
   7.87210170000000       0.415959008637255     
   7.89080030000000       0.414633384127816     
   7.90949890000000       0.412789462758474     
   7.92819750000000       0.410501609611667     
   7.94689600000000       0.407841497063074     
   7.96559460000000       0.404876581257553     
   7.98429320000000       0.401668896413949     
   8.00299180000000       0.398273931389644     
   8.02169040000000       0.394739844769588     
   8.04038890000000       0.391106984277874     
   8.05908750000000       0.392171169061953     
   8.07778610000000       0.394007372119822     
   8.09648470000000       0.395842521013023     
   8.11518320000000       0.397651582019368     
   8.13388180000000       0.399410295892578     
   8.15258040000000       0.401095582931566     
   8.17127900000000       0.402685996566497     
   8.18997760000000       0.404162070333981     
   8.20867610000000       0.405506602858854     
   8.22737470000000       0.406704907856821     
   8.24607330000000       0.407744920333864     
   8.26477190000000       0.408617302797057     
   8.28347050000000       0.409315443400617     
   8.30216900000000       0.409835392352068     
   8.32086760000000       0.410175749588996     
   8.33956620000000       0.410337471797424     
   8.35826480000000       0.410323663079312     
   8.37696340000000       0.410139314710831     
   8.39566190000000       0.409791025023879     
   8.41436050000000       0.409286693543304     
   8.43305910000000       0.408635229693694     
   8.45175770000000       0.407846248202567     
   8.47045620000000       0.406929791041575     
   8.48915480000000       0.405896043264986     
   8.50785340000000       0.404755125725694     
   8.52655200000000       0.403516871156955     
   8.54525060000000       0.402190658821325     
   8.56394910000000       0.400785288878535     
   8.58264770000000       0.399308855126183     
   8.60134630000000       0.397768728514225     
   8.62004490000000       0.396171498169992     
   8.63874350000000       0.394522977944141     
   8.65744200000000       0.392828238638773     
   8.67614060000000       0.391091613085228     
   8.69483920000000       0.389711081877580     
   8.71353780000000       0.391380948050986     
   8.73223640000000       0.392842811119412     
   8.75093490000000       0.394063988815179     
   8.76963350000000       0.395013021257331     
   8.78833210000000       0.395660333923759     
   8.80703070000000       0.395978937142028     
   8.82572920000000       0.395945042077850     
   8.84442780000000       0.395538619779720     
   8.86312640000000       0.394743899886494     
   8.88182500000000       0.393549806329819     
   8.90052360000000       0.391950328354640     
   8.91922210000000       0.391296270149100     
   8.93792070000000       0.392197958171141     
   8.95661930000000       0.393072734638472     
   8.97531790000000       0.393921365625465     
   8.99401650000000       0.394744108500787     
   9.01271500000000       0.395540627746304     
   9.03141360000000       0.396309933926831     
   9.05011220000000       0.397050286920371     
   9.06881080000000       0.397759153324763     
   9.08750930000000       0.398433154770297     
   9.10620790000000       0.399068058305443     
   9.12490650000000       0.399658754332079     
   9.14360510000000       0.400199296925235     
   9.16230370000000       0.400682953613265     
   9.18100220000000       0.401102285230153     
   9.19970080000000       0.401449264405750     
   9.21839940000000       0.401715398229995     
   9.23709800000000       0.401891897411238     
   9.25579660000000       0.401969853517957     
   9.27449510000000       0.401940434321806     
   9.29319370000000       0.401795087310943     
   9.31189230000000       0.401525749156308     
   9.33059090000000       0.401125051897217     
   9.34928950000000       0.400586520186940     
   9.36798800000000       0.399904757637748     
   9.38668660000000       0.399075592787038     
   9.40538520000000       0.398096235928581     
   9.42408380000000       0.396965369421861     
   9.44278230000000       0.395683227797864     
   9.46148090000000       0.394251602057671     
   9.48017950000000       0.392673874965124     
   9.49887810000000       0.390954950020558     
   9.51757670000000       0.389101176075551     
   9.53627520000000       0.387120241276071     
   9.55497380000000       0.385020981297654     
   9.57367240000000       0.382813266977060     
   9.59237100000000       0.380507764507769     
   9.61106960000000       0.379113296784157     
   9.62976810000000       0.380563221874987     
   9.64846670000000       0.381856371003824     
   9.66716530000000       0.382994889861339     
   9.68586390000000       0.383981451391313     
   9.70456250000000       0.384819486965193     
   9.72326100000000       0.385513357917088     
   9.74195960000000       0.386068475971968     
   9.76065820000000       0.386491320592689     
   9.77935680000000       0.386789433538766     
   9.79805530000000       0.386971341755461     
   9.81675390000000       0.387046447938068     
   9.83545250000000       0.387024883127681     
   9.85415110000000       0.386917351444293     
   9.87284970000000       0.386734960644216     
   9.89154820000000       0.386489054968673     
   9.91024680000000       0.386191046636482     
   9.92894540000000       0.385852270978274     
   9.94764400000000       0.385483841232795     
   9.96634260000000       0.385096523131983     
   9.98504110000000       0.384700623706564     
   10.0037400000000       0.384305874863656     
   10.0224380000000       0.383921391161669     
   10.0411370000000       0.383555480166878     
   10.0598350000000       0.383215702289710     
   10.0785340000000       0.382908634244830     
   10.0972330000000       0.382639912557334     
   10.1159310000000       0.382414078495089     
   10.1346300000000       0.382234455196539     
   10.1533280000000       0.382103127721842     
   10.1720270000000       0.382020769380755     
   10.1907260000000       0.381986606297273     
   10.2094240000000       0.381998307199002     
   10.2281230000000       0.382051940016427     
   10.2468210000000       0.382141933998309     
   10.2655200000000       0.382261108826695     
   10.2842180000000       0.382400686806577     
   10.3029170000000       0.382550435444237     
   10.3216160000000       0.382698757557731     
   10.3403140000000       0.382832897717087     
   10.3590130000000       0.382939186458278     
   10.3777110000000       0.383003249847742     
   10.3964100000000       0.383010331087986     
   10.4151080000000       0.382945560815419     
   10.4338070000000       0.382794254903024     
   10.4525060000000       0.382542222937870     
   10.4712040000000       0.382176062373203     
   10.4899030000000       0.381683336062137     
   10.5086010000000       0.381052961973240     
   10.5273000000000       0.380275207123356     
   10.5459990000000       0.379342083069302     
   10.5646970000000       0.378247428833598     
   10.5833960000000       0.376986813769577     
   10.6020940000000       0.375558053979170     
   10.6207930000000       0.373960725344669     
   10.6394910000000       0.372196795273660     
   10.6581900000000       0.370269926125190     
   10.6768890000000       0.368186063967006     
   10.6955870000000       0.365953106014344     
   10.7142860000000       0.363580378304351     
   10.7329840000000       0.361079323753322     
   10.7516830000000       0.358462284564381     
   10.7703810000000       0.355743327381552     
   10.7890800000000       0.352936853224229     
   10.8077790000000       0.350058302176560     
   10.8264770000000       0.347123417933444     
   10.8451760000000       0.345651046541172     
   10.8638740000000       0.347087585269057     
   10.8825730000000       0.348380883720434     
   10.9012720000000       0.349538899671310     
   10.9199700000000       0.350570900397119     
   10.9386690000000       0.351487318904968     
   10.9573670000000       0.352299090025058     
   10.9760660000000       0.353017747950300     
   10.9947640000000       0.353654785388276     
   11.0134630000000       0.354221690114138     
   11.0321620000000       0.354729447387990     
   11.0508600000000       0.355188441495729     
   11.0695590000000       0.355608338334463     
   11.0882570000000       0.355997783134957     
   11.1069560000000       0.356364488807361     
   11.1256540000000       0.356715015135409     
   11.1443530000000       0.357054913699946     
   11.1630520000000       0.357388615521561     
   11.1817500000000       0.357719540275021     
   11.2004490000000       0.358050224174148     
   11.2191470000000       0.358382291994097     
   11.2378460000000       0.358716708838104     
   11.2565450000000       0.359053774639377     
   11.2752430000000       0.359393299546158     
   11.2939420000000       0.359734781234566     
   11.3126400000000       0.360077395289483     
   11.3313390000000       0.360420250647556     
   11.3500370000000       0.360762341370363     
   11.3687360000000       0.361102776972829     
   11.3874350000000       0.361440721486040     
   11.4061330000000       0.361775497510712     
   11.4248320000000       0.362106667894154     
   11.4435300000000       0.362433918665861     
   11.4622290000000       0.362757187725805     
   11.4809270000000       0.363076492108970     
   11.4996260000000       0.363392015565551     
   11.5183250000000       0.363703922547405     
   11.5370230000000       0.364012332813893     
   11.5557220000000       0.364317285451603     
   11.5744200000000       0.364618537270604     
   11.5931190000000       0.364915609957243     
   11.6118180000000       0.365207602350358     
   11.6305160000000       0.365493179667931     
   11.6492150000000       0.365770576446651     
   11.6679130000000       0.366037471728033     
   11.6866120000000       0.366291113338510     
   11.7053100000000       0.366528237249252     
   11.7240090000000       0.366745234871709     
   11.7427080000000       0.366938147042746     
   11.7614060000000       0.367102815442366     
   11.7801050000000       0.367235029435299     
   11.7988030000000       0.367330608763976     
   11.8175020000000       0.367385606957408     
   11.8362000000000       0.367396421036092     
   11.8548990000000       0.367359959116688     
   11.8735980000000       0.367273764635235     
   11.8922960000000       0.367136147317828     
   11.9109950000000       0.366946244605829     
   11.9296930000000       0.366704149371890     
   11.9483920000000       0.366410868708196     
   11.9670910000000       0.366068416485057     
   11.9857890000000       0.365679763257842     
   12.0044880000000       0.365248707952141     
   12.0231860000000       0.364779945446573     
   12.0418850000000       0.364278773753133     
   12.0605830000000       0.363751161671389     
   12.0792820000000       0.363203387190510     
   12.0979810000000       0.362642071223335     
   12.1166790000000       0.362073930420618     
   12.1353780000000       0.361505517381979     
   12.1540760000000       0.360943274155651     
   12.1727750000000       0.360393143193516     
   12.1914730000000       0.359860675427987     
   12.2101720000000       0.359350685693198     
   12.2288710000000       0.358867367046159     
   12.2475690000000       0.358414136998424     
   12.2662680000000       0.357993535201505     
   12.2849660000000       0.357607378492710     
   12.3036650000000       0.357256595341009     
   12.3223640000000       0.356941410801213     
   12.3410620000000       0.356661330786375     
   12.3597610000000       0.356415175596962     
   12.3784590000000       0.356201261445751     
   12.3971580000000       0.356017382850672     
   12.4158560000000       0.355860995744515     
   12.4345550000000       0.355729228311010     
   12.4532540000000       0.355619029097439     
   12.4719520000000       0.355527215553428     
   12.4906510000000       0.355450534140598     
   12.5093490000000       0.355385751891230     
   12.5280480000000       0.355329670828823     
   12.5467460000000       0.355279193504939     
   12.5654450000000       0.355231324984329     
   12.5841440000000       0.355183210295592     
   12.6028420000000       0.355132136750398     
   12.6215410000000       0.355075530581021     
   12.6402390000000       0.355010978193194     
   12.6589380000000       0.354936201097777     
   12.6776360000000       0.354849083955872     
   12.6963350000000       0.354747643439038     
   12.7150340000000       0.354630063188155     
   12.7337320000000       0.354494690824569     
   12.7524310000000       0.354340022811560     
   12.7711290000000       0.354164771249897     
   12.7898280000000       0.353967813335075     
   12.8085270000000       0.353748271656399     
   12.8272250000000       0.353505509122002     
   12.8459240000000       0.353239101063658     
   12.8646220000000       0.352948943155147     
   12.8833210000000       0.352635147343601     
   12.9020190000000       0.352298170708382     
   12.9207180000000       0.351938679864756     
   12.9394170000000       0.351557665675638     
   12.9581150000000       0.351156378727945     
   12.9768140000000       0.350736236945051     
   12.9955120000000       0.350298948670834     
   13.0142110000000       0.349846297788752     
   13.0329090000000       0.349380290090361     
   13.0516080000000       0.348902916619743     
   13.0703070000000       0.348416281361092     
   13.0890050000000       0.347922484160432     
   13.1077040000000       0.347423497065476     
   13.1264020000000       0.346921311828368     
   13.1451010000000       0.346417694725263     
   13.1638000000000       0.345914349118084     
   13.1824980000000       0.345412818088136     
   13.2011970000000       0.344914396083850     
   13.2198950000000       0.344420317216955     
   13.2385940000000       0.343931551796325     
   13.2572920000000       0.343449034612482     
   13.2759910000000       0.342973479598907     
   13.2946900000000       0.342505589617011     
   13.3133880000000       0.342046008456624     
   13.3320870000000       0.341595281103829     
   13.3507850000000       0.341154055621339     
   13.3694840000000       0.340722918382456     
   13.3881820000000       0.340302605735047     
   13.4068810000000       0.339893836407825     
   13.4255800000000       0.339497479519083     
   13.4442780000000       0.339114485201117     
   13.4629770000000       0.338745818797780     
   13.4816750000000       0.338392586779282     
   13.5003740000000       0.338055856238058     
   13.5190730000000       0.337736759658664     
   13.5377710000000       0.337436399389464     
   13.5564700000000       0.337155765597885     
   13.5751680000000       0.336895806251106     
   13.5938670000000       0.336657267546581     
   13.6125650000000       0.336440767048296     
   13.6312640000000       0.336246657329721     
   13.6499630000000       0.336075080325168     
   13.6686610000000       0.335925903522982     
   13.6873600000000       0.335798684509680     
   13.7060580000000       0.335692714195410     
   13.7247570000000       0.335606959815346     
   13.7434550000000       0.335540115309081     
   13.7621540000000       0.335490575854274     
   13.7808530000000       0.335456483129431     
   13.7995510000000       0.335435734030927     
   13.8182500000000       0.335426008818812     
   13.8369480000000       0.335424809066904     
   13.8556470000000       0.335429487514334     
   13.8743460000000       0.335437286651621     
   13.8930440000000       0.335445376439134     
   13.9117430000000       0.335450896138314     
   13.9304410000000       0.335450992092717     
   13.9491400000000       0.335442859952134     
   13.9678380000000       0.335423785601515     
   13.9865370000000       0.335391180491328     
   14.0052360000000       0.335342625547331     
   14.0239340000000       0.335275908198603     
   14.0426330000000       0.335189041556796     
   14.0613310000000       0.335080322553666     
   14.0800300000000       0.334948320852617     
   14.0987280000000       0.334791947575167     
   14.1174270000000       0.334610415145159     
   14.1361260000000       0.334403303447189     
   14.1548240000000       0.334170545582950     
   14.1735230000000       0.333912382850074     
   14.1922210000000       0.333629447509381     
   14.2109200000000       0.333322638894577     
   14.2296190000000       0.332993207115317     
   14.2483170000000       0.332642689563920     
   14.2670160000000       0.332272822024603     
   14.2857140000000       0.331885642496360     
   14.3044130000000       0.331780279418824     
   14.3231110000000       0.331974422050340     
   14.3418100000000       0.332110917084320     
   14.3605090000000       0.332191199927001     
   14.3792070000000       0.332216803541557     
   14.3979060000000       0.332189334541300     
   14.4166040000000       0.332110458092762     
   14.4353030000000       0.331981875999154     
   14.4540010000000       0.331805351440780     
   14.4727000000000       0.331582647761061     
   14.4913990000000       0.331315583301732     
   14.5100970000000       0.331006010607103     
   14.5287960000000       0.330655754391600     
   14.5474940000000       0.330266732365332     
   14.5661930000000       0.329840806336379     
   14.5848920000000       0.329379923792186     
   14.6035900000000       0.328886065446968     
   14.6222890000000       0.328361159263558     
   14.6409870000000       0.327807270970718     
   14.6596860000000       0.327226381125582     
   14.6783840000000       0.326620622115402     
   14.6970830000000       0.325992029896668     
   14.7157820000000       0.325342766231235     
   14.7344800000000       0.324675024264931     
   14.7531790000000       0.323990913135000     
   14.7718770000000       0.323727319243895     
   14.7905760000000       0.323734970013752     
   14.8092740000000       0.323773557715285     
   14.8279730000000       0.323842135588539     
   14.8466720000000       0.323939523480824     
   14.8653700000000       0.324064330730728     
   14.8840690000000       0.324215010762621     
   14.9027670000000       0.324389841819629     
   14.9214660000000       0.324587024136188     
   14.9401650000000       0.324804652082396     
   14.9588630000000       0.325040771762722     
   14.9775620000000       0.325293457322146     
   14.9962600000000       0.325560751894103     
   15.0149590000000       0.325840803855786     
   15.0336570000000       0.326131777900554     
   15.0523560000000       0.326431995112225     
   15.0710550000000       0.326739841585724     
   15.0897530000000       0.327053824453992     
   15.1084520000000       0.327372630428828     
   15.1271500000000       0.327695009261049     
   15.1458490000000       0.328019907146588     
   15.1645470000000       0.328346322556763     
   15.1832460000000       0.328673435273044     
   15.2019450000000       0.329000472170011     
   15.2206430000000       0.329326745560988     
   15.2393420000000       0.329651690449099     
   15.2580400000000       0.329974727151094     
   15.2767390000000       0.330295385109205     
   15.2954380000000       0.330613167570704     
   15.3141360000000       0.330927591386050     
   15.3328350000000       0.331238225850024     
   15.3515330000000       0.331544566668919     
   15.3702320000000       0.331846162132015     
   15.3889300000000       0.332142477824838     
   15.4076290000000       0.332433023407224     
   15.4263280000000       0.332717240919559     
   15.4450260000000       0.332994555629983     
   15.4637250000000       0.333264422361515     
   15.4824230000000       0.333526227316251     
   15.5011220000000       0.333779408984181     
   15.5198200000000       0.334023352531346     
   15.5385190000000       0.334257504601765     
   15.5572180000000       0.334481287524982     
   15.5759160000000       0.334694147624335     
   15.5946150000000       0.334895593313746     
   15.6133130000000       0.335085123037486     
   15.6320120000000       0.335262317028135     
   15.6507110000000       0.335426770045545     
   15.6694090000000       0.335578129715042     
   15.6881080000000       0.335716122244553     
   15.7068060000000       0.335840501715313     
   15.7255050000000       0.335951112946063     
   15.7442030000000       0.336047841948837     
   15.7629020000000       0.336130666609970     
   15.7816010000000       0.336199621747387     
   15.8002990000000       0.336254820761088     
   15.8189980000000       0.336296463553487     
   15.8376960000000       0.336324819549641     
   15.8563950000000       0.336340246823021     
   15.8750930000000       0.336343180329840     
   15.8937920000000       0.336334138143763     
   15.9124910000000       0.336313717150808     
   15.9311890000000       0.336282593546472     
   15.9498880000000       0.336241511157268     
   15.9685860000000       0.336191289174981     
   15.9872850000000       0.336132798298039     
   16.0059840000000       0.336066970628776     
   16.0246820000000       0.335994784640273     
   16.0433810000000       0.335917242199678     
   16.0620790000000       0.335835385971821     
   16.0807780000000       0.335750255745767     
   16.0994760000000       0.335662912258828     
   16.1181750000000       0.335574390184776     
   16.1368740000000       0.335485720005773     
   16.1555720000000       0.335397904104717     
   16.1742710000000       0.335311893491124     
   16.1929690000000       0.335228612224305     
   16.2116680000000       0.335148913711510     
   16.2303660000000       0.335073610126692     
   16.2490650000000       0.335003433666531     
   16.2677640000000       0.334939061584804     
   16.2864620000000       0.334881100049046     
   16.3051610000000       0.334830074517879     
   16.3238590000000       0.334786449626098     
   16.3425580000000       0.334750607278195     
   16.3612570000000       0.334722864319114     
   16.3799550000000       0.334703464378896     
   16.3986540000000       0.334692577799712     
   16.4173520000000       0.334690309071321     
   16.4360510000000       0.334696693645841     
   16.4547490000000       0.334711700442079     
   16.4734480000000       0.334735236190270     
   16.4921470000000       0.334767142666039     
   16.5108450000000       0.334807198901505     
   16.5295440000000       0.334855131584599     
   16.5482420000000       0.334910601179921     
   16.5669410000000       0.334973224756237     
   16.5856390000000       0.335042555046028     
   16.6043380000000       0.335118110152135     
   16.6230370000000       0.335199351870607     
   16.6417350000000       0.335285699188434     
   16.6604340000000       0.335376547597475     
   16.6791320000000       0.335471240606422     
   16.6978310000000       0.335569113161849     
   16.7165300000000       0.335669461674086     
   16.7352280000000       0.335771563743104     
   16.7539270000000       0.335874700367944     
   16.7726250000000       0.335978122865327     
   16.7913240000000       0.336081102038168     
   16.8100220000000       0.336182889231183     
   16.8287210000000       0.336282765156791     
   16.8474200000000       0.336380006374608     
   16.8661180000000       0.336473906720062     
   16.8848170000000       0.336563795902234     
   16.9035150000000       0.336649008738868     
   16.9222140000000       0.336728926956178     
   16.9409120000000       0.336802946052225     
   16.9596110000000       0.336870512168162     
   16.9783100000000       0.336931096104421     
   16.9970080000000       0.336984209062448     
   17.0157070000000       0.337029411381479     
   17.0344050000000       0.337066295332823     
   17.0531040000000       0.337094505719629     
   17.0718030000000       0.337113726093495     
   17.0905010000000       0.337123687740576     
   17.1092000000000       0.337124169825946     
   17.1278980000000       0.337114997449321     
   17.1465970000000       0.337096042150070     
   17.1652950000000       0.337067226037768     
   17.1839940000000       0.337028513674661     
   17.2026930000000       0.336979921404142     
   17.2213910000000       0.336921514797718     
   17.2400900000000       0.336853396447827     
   17.2587880000000       0.336775728503857     
   17.2774870000000       0.336688702785628     
   17.2961850000000       0.336592573017533     
   17.3148840000000       0.336487616543053     
   17.3335830000000       0.336374167809089     
   17.3522810000000       0.336252603522423     
   17.3709800000000       0.336123319464038     
   17.3896780000000       0.335986775195054     
   17.4083770000000       0.335843436843792     
   17.4270760000000       0.335693825041394     
   17.4457740000000       0.335538492115889     
   17.4644730000000       0.335377993050710     
   17.4831710000000       0.335212941490006     
   17.5018700000000       0.335043938179376     
   17.5205680000000       0.334871638163947     
   17.5392670000000       0.334696675148754     
   17.5579660000000       0.334519721827049     
   17.5766640000000       0.334341458761798     
   17.5953630000000       0.334162541131304     
   17.6140610000000       0.333983661155524     
   17.6327600000000       0.333805467142471     
   17.6514580000000       0.333628635118118     
   17.6701570000000       0.333453787889012     
   17.6888560000000       0.333281556466520     
   17.7075540000000       0.333112546100124     
   17.7262530000000       0.332947304864747     
   17.7449510000000       0.332786381617028     
   17.7636500000000       0.332630250828960     
   17.7823490000000       0.332479369081061     
   17.8010470000000       0.332334144047667     
   17.8197460000000       0.332194908990375     
   17.8384440000000       0.332061973413742     
   17.8571430000000       0.331935561294060     
   17.8758410000000       0.331815866323483     
   17.8945400000000       0.331702997054389     
   17.9132390000000       0.331597022572667     
   17.9319370000000       0.331497952420944     
   17.9506360000000       0.331405723945689     
   17.9693340000000       0.331320240842242     
   17.9880330000000       0.331241336763460     
   18.0067310000000       0.331168815686035     
   18.0254300000000       0.331102422427459     
   18.0441290000000       0.331041875443420     
   18.0628270000000       0.330986858936747     
   18.0815260000000       0.330937020815942     
   18.1002240000000       0.330891998094481     
   18.1189230000000       0.330851400944202     
   18.1376220000000       0.330814835528922     
   18.1563200000000       0.330781900893725     
   18.1750190000000       0.330752189390693     
   18.1937170000000       0.330725302902534     
   18.2124160000000       0.330700843865629     
   18.2311140000000       0.330678430181584     
   18.2498130000000       0.330657687420127     
   18.2685120000000       0.330638259705735     
   18.2872100000000       0.330619807484494     
   18.3059090000000       0.330602006059654     
   18.3246070000000       0.330584553137650     
   18.3433060000000       0.330567161456175     
   18.3620040000000       0.330549566304251     
   18.3807030000000       0.330531517725506     
   18.3994020000000       0.330512786592532     
   18.4181000000000       0.330493161319716     
   18.4367990000000       0.330472443851995     
   18.4554970000000       0.330450456445146     
   18.4741960000000       0.330427032077443     
   18.4928950000000       0.330402021911459     
   18.5115930000000       0.330375291650103     
   18.5302920000000       0.330346716500473     
   18.5489900000000       0.330316191205186     
   18.5676890000000       0.330283617716512     
   18.5863870000000       0.330248918354075     
   18.6050860000000       0.330212022060942     
   18.6237850000000       0.330172877448999     
   18.6424830000000       0.330131448213942     
   18.6611820000000       0.330087706473546     
   18.6798800000000       0.330041649168682     
   18.6985790000000       0.329993279961651     
   18.7172770000000       0.329942629556122     
   18.7359760000000       0.329889735598375     
   18.7546750000000       0.329834661865883     
   18.7733730000000       0.329777491106152     
   18.7920720000000       0.329718315663818     
   18.8107700000000       0.329657259321979     
   18.8294690000000       0.329594452011499     
   18.8481680000000       0.329530052209040     
   18.8668660000000       0.329464237085997     
   18.8855650000000       0.329397190878631     
   18.9042630000000       0.329329128728642     
   18.9229620000000       0.329260266810109     
   18.9416600000000       0.329190849862485     
   18.9603590000000       0.329121119962792     
   18.9790580000000       0.329051340319684     
   18.9977560000000       0.328981781752219     
   19.0164550000000       0.328912708861143     
   19.0351530000000       0.328844403104341     
   19.0538520000000       0.328777130211539     
   19.0725500000000       0.328711166067107     
   19.0912490000000       0.328646764589708     
   19.1099480000000       0.328584179101663     
   19.1286460000000       0.328523647771322     
   19.1473450000000       0.328465380801562     
   19.1660430000000       0.328409579297914     
   19.1847420000000       0.328356406990301     
   19.2034410000000       0.328306008177348     
   19.2221390000000       0.328258495002462     
   19.2408380000000       0.328213937584446     
   19.2595360000000       0.328172378719631     
   19.2782350000000       0.328133812374163     
   19.2969330000000       0.328098199264697     
   19.3156320000000       0.328065448410576     
   19.3343310000000       0.328035429191667     
   19.3530290000000       0.328007963590681     
   19.3717280000000       0.327982821331876     
   19.3904260000000       0.327959729038216     
   19.4091250000000       0.327938358872582     
   19.4278230000000       0.327918338263984     
   19.4465220000000       0.327899240744402     
   19.4652210000000       0.327880594020873     
   19.4839190000000       0.327861877389749     
   19.5026180000000       0.327842519925747     
   19.5213160000000       0.327821909050820     
   19.5400150000000       0.327799383953655     
   19.5587140000000       0.327774245411018     
   19.5774120000000       0.327745755804524     
   19.5961110000000       0.327713137046186     
   19.6148090000000       0.327675585380714     
   19.6335080000000       0.327632261230114     
   19.6522060000000       0.327582309889430     
   19.6709050000000       0.327524847592369     
   19.6896040000000       0.327458984512783     
   19.7083020000000       0.327383824257098     
   19.7270010000000       0.327298455520157     
   19.7456990000000       0.327201987524756     
   19.7643980000000       0.327093519302695     
   19.7830960000000       0.326972187244035     
   19.8017950000000       0.326837124462606     
   19.8204940000000       0.326687510353447     
   19.8391920000000       0.326522560220787     
   19.8578910000000       0.326341500581756     
   19.8765890000000       0.326143637943547     
   19.8952880000000       0.325928285549977     
   19.9139870000000       0.325694839077453     
   19.9326850000000       0.325442752511107     
   19.9513840000000       0.325171496006506     
   19.9700820000000       0.324880654855952     
   19.9887810000000       0.324569814723437     
   20.0074790000000       0.324238686957820     
   20.0261780000000       0.323886975717169     
   20.0448770000000       0.323514498874767     
   20.0635750000000       0.323121139035263     
   20.0822740000000       0.322706774148399     
   20.1009720000000       0.322271425930564     
   20.1196710000000       0.321815080652624     
   20.1383690000000       0.321337873257657     
   20.1570680000000       0.320839889869393     
   20.1757670000000       0.320321341317825     
   20.1944650000000       0.319782489185322     
   20.2131640000000       0.319223552132792     
   20.2318620000000       0.318644908142903     
   20.2505610000000       0.318046853461209     
   20.2692600000000       0.317429814754257     
   20.2879580000000       0.316794259201436     
   20.3066570000000       0.316140586522705     
   20.3253550000000       0.315469368075592     
   20.3440540000000       0.314781066251007     
   20.3627520000000       0.314076320601512     
   20.3814510000000       0.313355652696134     
   20.4001500000000       0.312619727005960     
   20.4188480000000       0.311869240783690     
   20.4375470000000       0.311104799238168     
   20.4562450000000       0.310327197519130     
   20.4749440000000       0.309537092895818     
   20.4936420000000       0.309264940358754     
   20.5123410000000       0.309755522656388     
   20.5310400000000       0.310182008948345     
   20.5497380000000       0.310543721825287     
   20.5684370000000       0.310840216954628     
   20.5871350000000       0.311071157034361     
   20.6058340000000       0.311236438447413     
   20.6245330000000       0.311336095160654     
   20.6432310000000       0.311370349873033     
   20.6619300000000       0.311706316515928     
   20.6806280000000       0.312015838284848     
   20.6993270000000       0.312298615697486     
   20.7180250000000       0.312555114253903     
   20.7367240000000       0.312785902027995     
   20.7554230000000       0.312991546981945     
   20.7741210000000       0.313172660590070     
   20.7928200000000       0.313329916863785     
   20.8115180000000       0.313463983367054     
   20.8302170000000       0.313575583984151     
   20.8489150000000       0.313665436428079     
   20.8676140000000       0.313734295003071     
   20.8863130000000       0.313782908736288     
   20.9050110000000       0.313812035279489     
   20.9237100000000       0.313822435322355     
   20.9424080000000       0.313814858863552     
   20.9611070000000       0.313790044678254     
   20.9798060000000       0.313748715784885     
   20.9985040000000       0.313691577539363     
   21.0172030000000       0.313619300174337     
   21.0359010000000       0.313532538291844     
   21.0546000000000       0.313431896642250     
   21.0732980000000       0.313317964125478     
   21.0919970000000       0.313191268434463     
   21.1106960000000       0.313052315018493     
   21.1293940000000       0.312901570415030     
   21.1480930000000       0.312739434329557     
   21.1667910000000       0.312566297360934     
   21.1854900000000       0.312382472037201     
   21.2041880000000       0.312188267634310     
   21.2228870000000       0.311983912911473     
   21.2415860000000       0.311769629176017     
   21.2602840000000       0.311545603682305     
   21.2789830000000       0.311311953825367     
   21.2976810000000       0.311068815140034     
   21.3163800000000       0.310816244475005     
   21.3350790000000       0.310554313064636     
   21.3537770000000       0.310283073256660     
   21.3724760000000       0.310002516333227     
   21.3911740000000       0.309712678954261     
   21.4098730000000       0.309413526793094     
   21.4285710000000       0.309105082173818     
   21.4472700000000       0.308787299631612     
   21.4659690000000       0.308460183569332     
   21.4846670000000       0.308123744284692     
   21.5033660000000       0.307777944821566     
   21.5220640000000       0.307422831025908     
   21.5407630000000       0.307058386210572     
   21.5594610000000       0.306684685422600     
   21.5781600000000       0.306301741580893     
   21.5968590000000       0.305909645889746     
   21.6155570000000       0.305508511523739     
   21.6342560000000       0.305098408197769     
   21.6529540000000       0.304679514352728     
   21.6716530000000       0.304251942249023     
   21.6903520000000       0.303815893826834     
   21.7090500000000       0.303371595465640     
   21.7277490000000       0.302919224319019     
   21.7464470000000       0.302459075119991     
   21.7651460000000       0.301991365869877     
   21.7838440000000       0.301516433595189     
   21.8025430000000       0.301034533067584     
   21.8212420000000       0.300546012202037     
   21.8399400000000       0.300051235858156     
   21.8586390000000       0.299550503131583     
   21.8773370000000       0.299044231512430     
   21.8960360000000       0.298532740781068     
   21.9147340000000       0.298016467462814     
   21.9334330000000       0.297495743946288     
   21.9521320000000       0.296970988893447     
   21.9708300000000       0.296708937178602     
   21.9895290000000       0.296703342077453     
   22.0082270000000       0.296726060556585     
   22.0269260000000       0.296777467373812     
   22.0456250000000       0.296857812617434     
   22.0643230000000       0.296967218905619     
   22.0830220000000       0.297105706781238     
   22.1017200000000       0.297273151117879     
   22.1204190000000       0.297469341910710     
   22.1391170000000       0.297693914565514     
   22.1578160000000       0.297946435900945     
   22.1765150000000       0.298226326267501     
   22.1952130000000       0.298532891620379     
   22.2139120000000       0.298865382095370     
   22.2326100000000       0.299222876770040     
   22.2513090000000       0.299604428790437     
   22.2700070000000       0.300008915859815     
   22.2887060000000       0.300435206479410     
   22.3074050000000       0.300882014918467     
   22.3261030000000       0.301347964523469     
   22.3448020000000       0.301831670757344     
   22.3635000000000       0.302331567761850     
   22.3821990000000       0.302846118237039     
   22.4008980000000       0.303373631763548     
   22.4195960000000       0.303912345139148     
   22.4382950000000       0.304460515137291     
   22.4569930000000       0.305016218785244     
   22.4756920000000       0.305577590577417     
   22.4943900000000       0.306142588338835     
   22.5130890000000       0.306709236047744     
   22.5317880000000       0.307275416000442     
   22.5504860000000       0.307838962780704     
   22.5691850000000       0.308397756822304     
   22.5878830000000       0.308949517453486     
   22.6065820000000       0.309492044845907     
   22.6252800000000       0.310022988054987     
   22.6439790000000       0.310540080238810     
   22.6626780000000       0.311040942209193     
   22.6813760000000       0.311523175512284     
   22.7000750000000       0.311984440045801     
   22.7187730000000       0.312422280700195     
   22.7374720000000       0.312834328598609     
   22.7561710000000       0.313218138763747     
   22.7748690000000       0.313571271996367     
   22.7935680000000       0.313891349728026     
   22.8122660000000       0.314175931415666     
   22.8309650000000       0.314422656142178     
   22.8496630000000       0.314629126826891     
   22.8683620000000       0.314793020655222     
   22.8870610000000       0.314912011982123     
   22.9057590000000       0.314983821847126     
   22.9244580000000       0.315006224303118     
   22.9431560000000       0.314977031787675     
   22.9618550000000       0.314894109757432     
   22.9805530000000       0.314755395264535     
   22.9992520000000       0.314558866456788     
   23.0179510000000       0.314302592504626     
   23.0366490000000       0.313984731032652     
   23.0553480000000       0.313603467947491     
   23.0740460000000       0.313157150002615     
   23.0927450000000       0.312644126185985     
   23.1114440000000       0.312062910917742     
   23.1301420000000       0.311412133449268     
   23.1488410000000       0.310690421474599     
   23.1675390000000       0.309896658498001     
   23.1862380000000       0.309029678817883     
   23.2049360000000       0.308088611262381     
   23.2236350000000       0.307072511673195     
   23.2423340000000       0.305980708760748     
   23.2610320000000       0.304812674531319     
   23.2797310000000       0.303567821648270     
   23.2984290000000       0.302245953702726     
   23.3171280000000       0.300846735032034     
   23.3358260000000       0.301329809325684     
   23.3545250000000       0.301903424168504     
   23.3732240000000       0.302428349850424     
   23.3919220000000       0.302903676809764     
   23.4106210000000       0.303328573559519     
   23.4293190000000       0.303702117111811     
   23.4480180000000       0.304023476290185     
   23.4667170000000       0.304291766915325     
   23.4854150000000       0.304506126506255     
   23.5041140000000       0.304665738011923     
   23.5228120000000       0.304769759104949     
   23.5415110000000       0.304817392559456     
   23.5602090000000       0.304807844318603     
   23.5789080000000       0.304740346108890     
   23.5976070000000       0.304614153863715     
   23.6163050000000       0.304428562822911     
   23.6350040000000       0.304182866156234     
   23.6537020000000       0.303876435010204     
   23.6724010000000       0.303508615735851     
   23.6910990000000       0.303078863627971     
   23.7097980000000       0.302586587846380     
   23.7284970000000       0.302031306404781     
   23.7471950000000       0.301412594675511     
   23.7658940000000       0.300729973169767     
   23.7845920000000       0.299983149815802     
   23.8032910000000       0.299171729815842     
   23.8219900000000       0.298295488526428     
   23.8406880000000       0.297354268961664     
   23.8593870000000       0.296347816767118     
   23.8780850000000       0.295276142722353     
   23.8967840000000       0.294139093383850     
   23.9154820000000       0.292936810695502     
   23.9341810000000       0.291669246427129     
   23.9528800000000       0.290336604256978     
   23.9715780000000       0.288939163039000     
   23.9902770000000       0.287477037243073     
   24.0089750000000       0.285950708849794     
   24.0276740000000       0.284360401790664     
   24.0463720000000       0.282706734591960     
   24.0650710000000       0.280990039598307     
   24.0837700000000       0.279210972868250     
   24.1024680000000       0.277370262960148     
   24.1211670000000       0.275468399512223     
   24.1398650000000       0.273506329241460     
   24.1585640000000       0.271484641038250     
   24.1772630000000       0.269404290875559     
   24.1959610000000       0.267266299425389     
   24.2146600000000       0.265071393109901     
   24.2333580000000       0.262820810177790     
   24.2520570000000       0.260515359935731     
   24.2707550000000       0.258646591693197     
   24.2894540000000       0.258318379817821     
   24.3081530000000       0.257970524640397     
   24.3268510000000       0.257603428390940     
   24.3455500000000       0.257217467029429     
   24.3642480000000       0.256813127898846     
   24.3829470000000       0.256390842333630     
   24.4016450000000       0.255951156098708     
   24.4203440000000       0.255494546370774     
   24.4390430000000       0.255021581520936     
   24.4577410000000       0.254532852032602     
   24.4764400000000       0.254028885721347     
   24.4951380000000       0.253510330354355     
   24.5138370000000       0.252977735901067     
   24.5325360000000       0.252431744517756     
   24.5512340000000       0.252192806480088     
   24.5699330000000       0.252045973934785     
   24.5886310000000       0.251885062612599     
   24.6073300000000       0.251710398020959     
   24.6260280000000       0.251522379886963     
   24.6447270000000       0.251321406609047     
   24.6634260000000       0.251107942780851     
   24.6821240000000       0.250882490799330     
   24.7008230000000       0.250645550310755     
   24.7195210000000       0.250397702614126     
   24.7382200000000       0.250139507772730     
   24.7569180000000       0.249871608725088     
   24.7756170000000       0.249594619069727     
   24.7943160000000       0.249309220034965     
   24.8130140000000       0.249016117400635     
   24.8317130000000       0.248715990240398     
   24.8504110000000       0.248451799816413     
   24.8691100000000       0.249339606425510     
   24.8878090000000       0.250228059286705     
   24.9065070000000       0.251116626512766     
   24.9252060000000       0.252004930090453     
   24.9439040000000       0.252892412081843     
   24.9626030000000       0.253778713294860     
   24.9813010000000       0.254663292382327     
   25.0000000000000       0.255545803588239     
