   0.0000000e+00   1.9078214e-03
   2.0000000e-02   3.9560011e-03
   4.0000000e-02   5.2120356e-03
   6.0000000e-02   5.5052599e-03
   8.0000000e-02   5.2099883e-03
   1.0000000e-01   4.5720787e-03
   1.2000000e-01   5.4320271e-03
   1.4000000e-01   4.0278186e-03
   1.6000000e-01   2.7234280e-03
   1.8000000e-01   4.6761307e-04
   2.0000000e-01   1.7165390e-02
   2.2000000e-01   9.4654034e-03
   2.4000000e-01   6.7255854e-04
   2.6000000e-01  -3.4858890e-03
   2.8000000e-01   1.6046501e-02
   3.0000000e-01   1.0003564e-02
   3.2000000e-01   2.7707625e-02
   3.4000000e-01   4.0562782e-02
   3.6000000e-01   5.1473003e-02
   3.8000000e-01   3.2612610e-02
   4.0000000e-01   2.3687726e-02
   4.2000000e-01   8.5371220e-03
   4.4000000e-01  -3.4162308e-03
   4.6000000e-01   3.6496060e-03
   4.8000000e-01   8.6853755e-03
   5.0000000e-01   1.1210038e-02
   5.2000000e-01   2.5344027e-03
   5.4000000e-01  -2.1143726e-04
   5.6000000e-01  -2.6935858e-04
   5.8000000e-01  -7.8374514e-03
   6.0000000e-01  -3.2374713e-02
   6.2000000e-01  -3.6189708e-02
   6.4000000e-01  -3.2214461e-02
   6.6000000e-01  -3.8870526e-02
   6.8000000e-01  -4.0463744e-02
   7.0000000e-01  -4.3786385e-02
   7.2000000e-01  -5.4989338e-02
   7.4000000e-01  -5.8241458e-02
   7.6000000e-01  -6.9603755e-02
   7.8000000e-01  -8.1527229e-02
   8.0000000e-01  -1.0369521e-01
   8.2000000e-01  -1.1453433e-01
   8.4000000e-01  -9.0318913e-02
   8.6000000e-01  -7.2811670e-02
   8.8000000e-01  -6.8213307e-02
   9.0000000e-01  -8.3905454e-02
   9.2000000e-01  -8.6103301e-02
   9.4000000e-01  -8.3528039e-02
   9.6000000e-01  -7.6621396e-02
   9.8000000e-01  -8.0818134e-02
   1.0000000e+00  -8.8788513e-02
   1.0200000e+00  -1.0772706e-01
   1.0400000e+00  -1.0545271e-01
   1.0600000e+00  -1.0669453e-01
   1.0800000e+00  -1.0258501e-01
   1.1000000e+00  -1.0012634e-01
   1.1200000e+00  -9.7096885e-02
   1.1400000e+00  -9.0755555e-02
   1.1600000e+00  -1.0740349e-01
   1.1800000e+00  -9.0695772e-02
   1.2000000e+00  -5.2623679e-02
   1.2200000e+00  -1.7992602e-02
   1.2400000e+00   3.0368122e-03
   1.2600000e+00  -4.0968619e-02
   1.2800000e+00  -5.0304880e-02
   1.3000000e+00  -8.9082063e-02
   1.3200000e+00  -1.2396320e-01
   1.3400000e+00  -1.3217105e-01
   1.3600000e+00  -1.0969709e-01
   1.3800000e+00  -1.0207001e-01
   1.4000000e+00  -7.0514381e-02
   1.4200000e+00  -4.7901062e-02
   1.4400000e+00  -4.6130259e-02
   1.4600000e+00  -8.9503305e-02
   1.4800000e+00  -3.1879213e-02
   1.5000000e+00  -2.5559345e-02
   1.5200000e+00  -8.2072256e-03
   1.5400000e+00  -2.2444960e-02
   1.5600000e+00  -2.1524887e-03
   1.5800000e+00   7.7167874e-03
   1.6000000e+00   2.8331291e-02
   1.6200000e+00   4.2958683e-02
   1.6400000e+00   7.5972406e-02
   1.6600000e+00   8.3973186e-02
   1.6800000e+00   1.1746209e-01
   1.7000000e+00   1.4566797e-01
   1.7200000e+00   1.7742361e-01
   1.7400000e+00   1.1832185e-01
   1.7600000e+00   1.2782545e-01
   1.7800000e+00   1.1466888e-01
   1.8000000e+00   1.2727990e-01
   1.8200000e+00   9.2667675e-02
   1.8400000e+00   3.4582417e-02
   1.8600000e+00  -2.5009220e-02
   1.8800000e+00  -1.9051217e-01
   1.9000000e+00  -2.1814034e-01
   1.9200000e+00  -1.8946388e-01
   1.9400000e+00  -2.1197800e-01
   1.9600000e+00  -2.0326671e-01
   1.9800000e+00  -2.3007404e-01
   2.0000000e+00  -2.4532043e-01
   2.0200000e+00  -2.4941011e-01
   2.0400000e+00  -2.2471640e-01
   2.0600000e+00  -1.8846544e-01
   2.0800000e+00  -1.6879830e-01
   2.1000000e+00  -1.2210693e-01
   2.1200000e+00  -1.0101700e-01
   2.1400000e+00  -4.2757887e-02
   2.1600000e+00  -6.3081207e-03
   2.1800000e+00   3.6329806e-02
   2.2000000e+00  -4.6957268e-02
   2.2200000e+00  -5.8524580e-02
   2.2400000e+00  -8.7490407e-02
   2.2600000e+00  -9.4580666e-02
   2.2800000e+00  -1.5454558e-01
   2.3000000e+00  -1.5685259e-01
   2.3200000e+00  -1.0892752e-01
   2.3400000e+00  -9.2706408e-02
   2.3600000e+00  -4.9819693e-02
   2.3800000e+00  -2.4037088e-03
   2.4000000e+00   5.1154575e-02
   2.4200000e+00   9.3632962e-02
   2.4400000e+00   8.2244165e-02
   2.4600000e+00   8.5168370e-02
   2.4800000e+00   6.9088809e-02
   2.5000000e+00   3.8658111e-02
   2.5200000e+00   1.8815536e-02
   2.5400000e+00  -2.8912508e-02
   2.5600000e+00  -4.1391175e-02
   2.5800000e+00   6.6719715e-03
   2.6000000e+00   3.5106248e-02
   2.6200000e+00   6.3348293e-02
   2.6400000e+00   8.9776035e-02
   2.6600000e+00   1.2085358e-01
   2.6800000e+00   1.7487781e-01
   2.7000000e+00   1.3071037e-01
   2.7200000e+00   1.1842712e-01
   2.7400000e+00   4.4372432e-02
   2.7600000e+00   9.3682652e-02
   2.7800000e+00   9.1306512e-02
   2.8000000e+00   1.4214372e-01
   2.8200000e+00   1.6232557e-01
   2.8400000e+00   2.0214874e-01
   2.8600000e+00   2.2099536e-01
   2.8800000e+00   2.0720482e-01
   2.9000000e+00   1.9339034e-01
   2.9200000e+00   1.7130346e-01
   2.9400000e+00   1.1331390e-01
   2.9600000e+00   1.3587596e-01
   2.9800000e+00   1.6476000e-01
   3.0000000e+00   2.0638781e-01
   3.0200000e+00   2.2017960e-01
   3.0400000e+00   2.3896787e-01
   3.0600000e+00   2.3414951e-01
   3.0800000e+00   2.2016077e-01
   3.1000000e+00   1.9945703e-01
   3.1200000e+00   2.1938966e-01
   3.1400000e+00   2.1176070e-01
   3.1600000e+00   2.2826066e-01
   3.1800000e+00   1.6326631e-01
   3.2000000e+00   9.9201675e-02
   3.2200000e+00   1.5097959e-02
   3.2400000e+00   2.9613593e-02
   3.2600000e+00   2.1175844e-02
   3.2800000e+00   2.8501163e-02
   3.3000000e+00   3.5253587e-02
   3.3200000e+00   8.1798116e-02
   3.3400000e+00   1.2337744e-01
   3.3600000e+00   1.1036373e-01
   3.3800000e+00   9.9829036e-02
   3.4000000e+00   7.1554277e-02
   3.4200000e+00   9.1686281e-02
   3.4400000e+00   9.8929273e-02
   3.4600000e+00   1.2083636e-01
   3.4800000e+00   1.1377163e-01
   3.5000000e+00   3.3027410e-02
   3.5200000e+00  -1.1055478e-02
   3.5400000e+00  -4.8528548e-02
   3.5600000e+00  -8.6970663e-02
   3.5800000e+00  -9.1100970e-02
   3.6000000e+00  -1.1216104e-01
   3.6200000e+00  -1.1292201e-01
   3.6400000e+00  -1.2787732e-01
   3.6600000e+00  -1.1506479e-01
   3.6800000e+00  -1.0917324e-01
   3.7000000e+00  -9.7738873e-02
   3.7200000e+00  -7.6164460e-02
   3.7400000e+00  -5.3483576e-02
   3.7600000e+00  -4.1689330e-02
   3.7800000e+00  -2.9933022e-02
   3.8000000e+00  -5.5827682e-02
   3.8200000e+00  -9.6157307e-02
   3.8400000e+00  -1.3650654e-01
   3.8600000e+00  -1.4811711e-01
   3.8800000e+00  -8.0164981e-02
   3.9000000e+00  -5.5828111e-02
   3.9200000e+00  -2.8495432e-03
   3.9400000e+00  -7.6859773e-02
   3.9600000e+00  -8.9205227e-02
   3.9800000e+00  -1.0558277e-01
   4.0000000e+00  -1.2513854e-02
   4.0200000e+00   1.2486128e-02
   4.0400000e+00   3.5472301e-02
   4.0600000e+00  -3.3869470e-03
   4.0800000e+00   6.3487822e-02
   4.1000000e+00   2.9335276e-02
   4.1200000e+00   9.8430252e-02
   4.1400000e+00  -2.2158533e-01
   4.1600000e+00  -7.6146113e-02
   4.1800000e+00  -1.3793810e-01
   4.2000000e+00  -4.0067592e-02
   4.2200000e+00  -2.2365364e-02
   4.2400000e+00   4.7602607e-02
   4.2600000e+00   7.9401167e-02
   4.2800000e+00   1.2873260e-01
   4.3000000e+00   1.3386212e-01
   4.3200000e+00   1.3013133e-01
   4.3400000e+00   1.4294847e-01
   4.3600000e+00   1.2608555e-01
   4.3800000e+00   1.2067928e-01
   4.4000000e+00   1.1715788e-01
   4.4200000e+00   1.6790384e-01
   4.4400000e+00   7.4082436e-02
   4.4600000e+00   1.2808197e-01
   4.4800000e+00   4.1479993e-02
   4.5000000e+00   1.0041173e-01
   4.5200000e+00  -1.7243004e-01
   4.5400000e+00  -7.0708847e-02
   4.5600000e+00  -1.0626144e-01
   4.5800000e+00  -8.3065797e-02
   4.6000000e+00  -1.0292588e-01
   4.6200000e+00  -5.7739445e-02
   4.6400000e+00  -1.4091539e-01
   4.6600000e+00  -6.9222793e-02
   4.6800000e+00  -7.6914483e-02
   4.7000000e+00  -1.5008791e-02
   4.7200000e+00  -2.0399225e-02
   4.7400000e+00   4.0132187e-02
   4.7600000e+00   6.1751609e-02
   4.7800000e+00   1.0177366e-01
   4.8000000e+00   9.6769782e-02
   4.8200000e+00   1.0388184e-01
   4.8400000e+00   8.0402916e-02
   4.8600000e+00   8.3045275e-02
   4.8800000e+00   5.2868111e-02
   4.9000000e+00   8.6581797e-02
   4.9200000e+00   6.4751339e-02
   4.9400000e+00   7.6231833e-02
   4.9600000e+00   5.8469087e-02
   4.9800000e+00   8.3349362e-02
   5.0000000e+00   1.1785398e-01
   5.0200000e+00   1.2172257e-01
   5.0400000e+00   8.5761896e-02
   5.0600000e+00   5.2335321e-02
   5.0800000e+00   3.5328285e-02
   5.1000000e+00   6.5150881e-02
   5.1200000e+00   1.2438878e-01
   5.1400000e+00   1.9765788e-01
   5.1600000e+00   8.7708840e-02
   5.1800000e+00   7.2925746e-03
   5.2000000e+00   4.1219418e-02
   5.2200000e+00   8.4582076e-02
   5.2400000e+00   9.3936018e-02
   5.2600000e+00   1.2563393e-01
   5.2800000e+00   1.4472998e-01
   5.3000000e+00   1.2024952e-01
   5.3200000e+00   3.9965673e-02
   5.3400000e+00  -2.7279173e-02
   5.3600000e+00  -1.8600621e-02
   5.3800000e+00  -6.3569223e-02
   5.4000000e+00  -4.8039774e-02
   5.4200000e+00  -8.0987404e-02
   5.4400000e+00  -1.3416401e-01
   5.4600000e+00  -1.5629865e-01
   5.4800000e+00  -1.2830803e-01
   5.5000000e+00  -1.1410203e-01
   5.5200000e+00  -8.8878177e-02
   5.5400000e+00  -5.9586184e-02
   5.5600000e+00  -1.6478624e-02
   5.5800000e+00   1.6821451e-02
   5.6000000e+00   3.4395288e-02
   5.6200000e+00   8.4975480e-02
   5.6400000e+00   9.3216433e-02
   5.6600000e+00   2.6945954e-02
   5.6800000e+00   1.2657443e-02
   5.7000000e+00  -4.8614425e-02
   5.7200000e+00  -7.4789304e-02
   5.7400000e+00  -8.0827390e-02
   5.7600000e+00  -3.9224490e-02
   5.7800000e+00  -1.3339124e-02
   5.8000000e+00  -5.8228345e-02
   5.8200000e+00  -1.1474420e-01
   5.8400000e+00  -5.0221829e-02
   5.8600000e+00  -5.0926509e-02
   5.8800000e+00   2.3383284e-04
   5.9000000e+00   1.9667998e-02
   5.9200000e+00   7.3115428e-02
   5.9400000e+00   3.5545489e-02
   5.9600000e+00   2.5484008e-02
   5.9800000e+00   1.3258925e-02
   6.0000000e+00   4.1438796e-02
   6.0200000e+00   1.5648573e-02
   6.0400000e+00   3.4572395e-02
   6.0600000e+00   2.7460845e-02
   6.0800000e+00   3.8773271e-02
   6.1000000e+00   2.6162929e-02
   6.1200000e+00   2.0335848e-02
   6.1400000e+00   1.4589709e-03
   6.1600000e+00  -2.1621513e-02
   6.1800000e+00  -5.9570117e-02
   6.2000000e+00  -2.6531329e-02
   6.2200000e+00  -9.0485397e-03
   6.2400000e+00   3.4664369e-02
   6.2600000e+00   6.0247313e-02
   6.2800000e+00   1.1505261e-02
   6.3000000e+00  -1.1022230e-02
   6.3200000e+00  -4.7212331e-02
   6.3400000e+00  -7.4961873e-02
   6.3600000e+00  -6.9563231e-02
   6.3800000e+00  -7.5797082e-02
   6.4000000e+00  -6.0018300e-02
   6.4200000e+00  -4.0628400e-02
   6.4400000e+00  -2.4749490e-02
   6.4600000e+00  -8.0428418e-03
   6.4800000e+00  -2.6300755e-02
   6.5000000e+00  -2.6455087e-02
   6.5200000e+00  -4.8240196e-02
   6.5400000e+00  -4.2334596e-02
   6.5600000e+00  -6.3578375e-02
   6.5800000e+00  -8.0803669e-02
   6.6000000e+00  -7.7134322e-02
   6.6200000e+00  -9.1047948e-02
   6.6400000e+00  -9.2759330e-02
   6.6600000e+00  -1.2208595e-01
   6.6800000e+00  -1.1020505e-01
   6.7000000e+00  -8.3736558e-02
   6.7200000e+00  -4.9371269e-02
   6.7400000e+00  -5.2757298e-02
   6.7600000e+00  -5.2495813e-02
   6.7800000e+00  -2.4349649e-02
   6.8000000e+00  -3.6952843e-02
   6.8200000e+00  -6.0660936e-02
   6.8400000e+00  -8.6303034e-02
   6.8600000e+00  -1.0749314e-01
   6.8800000e+00  -9.0660677e-02
   6.9000000e+00  -1.2220990e-01
   6.9200000e+00  -8.3556534e-02
   6.9400000e+00  -5.3282970e-02
   6.9600000e+00   7.2477593e-03
   6.9800000e+00   7.9312681e-02
   7.0000000e+00   1.1030426e-01
   7.0200000e+00   6.6137753e-02
   7.0400000e+00   5.1181848e-02
   7.0600000e+00  -9.8975363e-03
   7.0800000e+00  -4.3792504e-02
   7.1000000e+00  -9.7166433e-02
   7.1200000e+00  -7.8697198e-02
   7.1400000e+00  -4.7864178e-02
   7.1600000e+00  -2.9919502e-02
   7.1800000e+00  -8.0288562e-02
   7.2000000e+00  -1.0040933e-01
   7.2200000e+00  -4.9330601e-02
   7.2400000e+00  -4.0939324e-04
   7.2600000e+00   5.5877930e-02
   7.2800000e+00   1.0851663e-01
   7.3000000e+00   1.4799164e-01
   7.3200000e+00   1.7025338e-01
   7.3400000e+00   1.4810769e-01
   7.3600000e+00   1.1019173e-01
   7.3800000e+00   7.4609336e-02
   7.4000000e+00   3.6415782e-02
   7.4200000e+00   2.9080693e-02
   7.4400000e+00  -5.0237854e-03
   7.4600000e+00  -3.8256510e-02
   7.4800000e+00  -9.0748532e-02
   7.5000000e+00  -5.7721774e-02
   7.5200000e+00  -5.6635856e-02
   7.5400000e+00  -1.3319727e-02
   7.5600000e+00  -3.4578602e-02
   7.5800000e+00  -7.9408079e-03
   7.6000000e+00  -9.8322399e-03
   7.6200000e+00   2.2199062e-02
   7.6400000e+00   3.6385632e-02
   7.6600000e+00   5.0122580e-02
   7.6800000e+00   5.7128144e-02
   7.7000000e+00   6.4068864e-02
   7.7200000e+00   5.6018160e-02
   7.7400000e+00   1.0802089e-02
   7.7600000e+00  -3.8778036e-03
   7.7800000e+00  -2.0554231e-02
   7.8000000e+00  -3.2601332e-02
   7.8200000e+00  -5.2266661e-02
   7.8400000e+00  -6.7967354e-02
   7.8600000e+00  -7.7842069e-02
   7.8800000e+00  -7.7844360e-02
   7.9000000e+00  -6.5223111e-02
   7.9200000e+00  -5.9018066e-02
   7.9400000e+00  -6.3058738e-02
   7.9600000e+00  -5.9675516e-02
   7.9800000e+00  -7.2518335e-02
   8.0000000e+00  -9.1126362e-02
   8.0200000e+00  -1.2232707e-01
   8.0400000e+00  -9.7369731e-02
   8.0600000e+00  -8.4392762e-02
   8.0800000e+00  -7.7480113e-02
   8.1000000e+00  -1.1685608e-01
   8.1200000e+00  -1.0595157e-01
   8.1400000e+00  -9.1457184e-02
   8.1600000e+00  -6.4888782e-02
   8.1800000e+00  -4.4431045e-02
   8.2000000e+00   1.1629213e-02
   8.2200000e+00  -1.1559692e-02
   8.2400000e+00  -3.8783826e-02
   8.2600000e+00  -5.9365670e-03
   8.2800000e+00  -5.9940413e-03
   8.3000000e+00   9.1865711e-03
   8.3200000e+00   2.7702368e-02
   8.3400000e+00  -1.6565392e-02
   8.3600000e+00  -3.3898132e-02
   8.3800000e+00  -5.4663376e-02
   8.4000000e+00  -5.8889089e-02
   8.4200000e+00  -8.0334517e-02
   8.4400000e+00  -1.1126517e-01
   8.4600000e+00  -7.9950955e-02
   8.4800000e+00   5.6058752e-03
   8.5000000e+00   6.3489962e-02
   8.5200000e+00   1.4677088e-01
   8.5400000e+00   8.6636319e-02
   8.5600000e+00   1.5482267e-01
   8.5800000e+00   1.5370704e-01
   8.6000000e+00   1.9661638e-01
   8.6200000e+00   7.5357342e-02
   8.6400000e+00   1.4713492e-01
   8.6600000e+00   8.7324046e-02
   8.6800000e+00   1.5209643e-01
   8.7000000e+00   4.4340447e-03
   8.7200000e+00   2.5772150e-03
   8.7400000e+00   1.7444974e-02
   8.7600000e+00  -2.1610106e-03
   8.7800000e+00  -9.9596100e-03
   8.8000000e+00  -1.4370717e-03
   8.8200000e+00   3.6388566e-02
   8.8400000e+00   6.7707058e-02
   8.8600000e+00   9.3866336e-02
   8.8800000e+00   6.4544163e-02
   8.9000000e+00   5.6205484e-02
   8.9200000e+00   4.0587832e-02
   8.9400000e+00   9.2176752e-02
   8.9600000e+00   1.3938091e-01
   8.9800000e+00   1.2900050e-01
   9.0000000e+00   1.1186971e-01
   9.0200000e+00   1.1765202e-01
   9.0400000e+00   6.8789818e-02
   9.0600000e+00   5.4615142e-02
   9.0800000e+00   4.6780290e-02
   9.1000000e+00   5.9916780e-02
   9.1200000e+00   5.0153308e-02
   9.1400000e+00   6.2874225e-02
   9.1600000e+00   4.1377878e-02
   9.1800000e+00   5.8661816e-02
   9.2000000e+00  -3.9218627e-02
   9.2200000e+00  -2.9991585e-02
   9.2400000e+00  -7.3762990e-03
   9.2600000e+00  -1.6385766e-02
   9.2800000e+00   5.7385819e-03
   9.3000000e+00   1.5552274e-02
   9.3200000e+00   2.6513613e-02
   9.3400000e+00   1.3327488e-02
   9.3600000e+00  -1.8594661e-02
   9.3800000e+00  -3.3284985e-02
   9.4000000e+00  -6.7331787e-02
   9.4200000e+00  -7.8327721e-02
   9.4400000e+00  -6.5152871e-02
   9.4600000e+00  -6.0543960e-02
   9.4800000e+00  -4.0274458e-02
   9.5000000e+00  -1.7983046e-02
   9.5200000e+00  -6.5231558e-02
   9.5400000e+00  -1.1182021e-01
   9.5600000e+00  -9.2950594e-02
   9.5800000e+00  -6.8009249e-02
   9.6000000e+00  -2.2724579e-02
   9.6200000e+00   9.1487844e-03
   9.6400000e+00   1.7450327e-02
   9.6600000e+00  -3.1791007e-02
   9.6800000e+00  -8.7268303e-02
   9.7000000e+00  -1.1691552e-01
   9.7200000e+00  -1.9139748e-01
   9.7400000e+00  -1.6028419e-01
   9.7600000e+00  -1.3884683e-01
   9.7800000e+00  -4.0225411e-02
   9.8000000e+00  -2.4467159e-02
   9.8200000e+00  -1.4556192e-02
   9.8400000e+00  -1.0470631e-02
   9.8600000e+00  -2.4658716e-03
   9.8800000e+00   1.0379627e-02
   9.9000000e+00   2.8604259e-02
   9.9200000e+00   1.0882488e-02
   9.9400000e+00  -3.6815176e-02
   9.9600000e+00  -5.6721043e-02
   9.9800000e+00  -1.0703259e-01
   1.0000000e+01  -1.2249275e-01
   1.0020000e+01  -1.3869674e-01
   1.0040000e+01  -5.6718071e-02
   1.0060000e+01  -7.6617607e-02
   1.0080000e+01  -1.6945271e-01
   1.0100000e+01  -8.8900975e-02
   1.0120000e+01  -2.3526169e-02
   1.0140000e+01   6.4907836e-02
   1.0160000e+01   1.1274977e-01
   1.0180000e+01   1.5334731e-01
   1.0200000e+01   6.8470308e-02
   1.0220000e+01   1.5774408e-02
   1.0240000e+01  -3.7937737e-02
   1.0260000e+01   1.1708190e-02
   1.0280000e+01   4.7956008e-03
   1.0300000e+01   5.3985482e-02
   1.0320000e+01   1.0078208e-01
   1.0340000e+01   8.7058908e-02
   1.0360000e+01  -5.4406450e-02
   1.0380000e+01   2.9820516e-02
   1.0400000e+01  -1.1089924e-02
   1.0420000e+01   4.1000041e-02
   1.0440000e+01  -2.2833077e-03
   1.0460000e+01  -1.1575094e-02
   1.0480000e+01   4.5505116e-03
   1.0500000e+01  -1.6536921e-04
   1.0520000e+01   1.1042187e-02
   1.0540000e+01   1.5666097e-02
   1.0560000e+01   1.0814328e-02
   1.0580000e+01  -4.6484613e-03
   1.0600000e+01  -7.3950973e-03
   1.0620000e+01  -1.2867046e-02
   1.0640000e+01  -3.1051577e-02
   1.0660000e+01   5.9450049e-04
   1.0680000e+01   5.2747158e-02
   1.0700000e+01   8.8234680e-02
   1.0720000e+01   1.2451947e-01
   1.0740000e+01   1.9094182e-02
   1.0760000e+01   4.4045775e-02
   1.0780000e+01  -5.0412409e-02
   1.0800000e+01   1.3090804e-03
   1.0820000e+01   9.6544402e-03
   1.0840000e+01   4.5681260e-02
   1.0860000e+01   1.8045304e-02
   1.0880000e+01  -3.8493939e-02
   1.0900000e+01  -9.2023062e-02
   1.0920000e+01  -1.1273571e-01
   1.0940000e+01  -6.8816510e-02
   1.0960000e+01  -2.8290200e-02
   1.0980000e+01   5.0284851e-02
   1.1000000e+01   4.0370434e-02
   1.1020000e+01   2.7442256e-02
   1.1040000e+01   2.5562238e-02
   1.1060000e+01   1.8826893e-02
   1.1080000e+01   1.9833857e-02
   1.1100000e+01  -3.6409787e-02
   1.1120000e+01  -6.8661842e-02
   1.1140000e+01  -1.2399585e-01
   1.1160000e+01  -1.1249466e-01
   1.1180000e+01  -1.0966259e-01
   1.1200000e+01  -4.0690432e-02
   1.1220000e+01  -4.1463645e-02
   1.1240000e+01  -6.1056294e-02
   1.1260000e+01  -4.2033858e-02
   1.1280000e+01  -9.0374524e-03
   1.1300000e+01   1.8867441e-02
   1.1320000e+01   6.6967152e-02
   1.1340000e+01   1.1244005e-01
   1.1360000e+01   1.5324171e-01
   1.1380000e+01   1.5598905e-01
   1.1400000e+01   1.8306241e-01
   1.1420000e+01   2.0366563e-01
   1.1440000e+01   2.4078146e-01
   1.1460000e+01   2.3719228e-01
   1.1480000e+01   2.4701276e-01
   1.1500000e+01   2.3804068e-01
   1.1520000e+01   2.2366970e-01
   1.1540000e+01   2.0954140e-01
   1.1560000e+01   1.8731193e-01
   1.1580000e+01   1.9368348e-01
   1.1600000e+01   1.0934135e-01
   1.1620000e+01   6.7934801e-02
   1.1640000e+01  -5.3767887e-03
   1.1660000e+01  -3.0494495e-02
   1.1680000e+01  -9.0743726e-02
   1.1700000e+01  -1.1349054e-01
   1.1720000e+01  -1.7143027e-01
   1.1740000e+01  -6.7265217e-02
   1.1760000e+01  -6.1754156e-02
   1.1780000e+01  -3.6185829e-02
   1.1800000e+01  -6.0988223e-03
   1.1820000e+01  -3.1984466e-02
   1.1840000e+01  -7.9403012e-02
   1.1860000e+01  -1.2583258e-01
   1.1880000e+01  -1.9429353e-01
   1.1900000e+01  -1.9337365e-01
   1.1920000e+01  -2.3032908e-01
   1.1940000e+01  -2.2100027e-01
   1.1960000e+01  -2.5658629e-01
   1.1980000e+01  -2.2181436e-01
   1.2000000e+01  -1.9556399e-01
   1.2020000e+01  -1.4043020e-01
   1.2040000e+01  -1.2559519e-01
   1.2060000e+01  -1.5342338e-01
   1.2080000e+01  -1.5434653e-01
   1.2100000e+01  -1.6913470e-01
   1.2120000e+01  -1.6691848e-01
   1.2140000e+01  -1.6142514e-01
   1.2160000e+01  -1.6616218e-01
   1.2180000e+01  -1.5611111e-01
   1.2200000e+01  -1.4761260e-01
   1.2220000e+01  -1.2893486e-01
   1.2240000e+01  -8.8440595e-02
   1.2260000e+01  -4.0828261e-02
   1.2280000e+01   2.8965625e-03
   1.2300000e+01   3.6507819e-02
   1.2320000e+01   7.3073661e-02
   1.2340000e+01   7.3381789e-02
   1.2360000e+01   5.5265585e-02
   1.2380000e+01   6.4439047e-02
   1.2400000e+01   7.2428926e-02
   1.2420000e+01   5.7500762e-02
   1.2440000e+01   5.2498957e-02
   1.2460000e+01   4.2717252e-02
   1.2480000e+01   4.3736591e-02
   1.2500000e+01   2.6307924e-02
   1.2520000e+01   2.2315061e-02
   1.2540000e+01   6.2451519e-03
   1.2560000e+01   2.1699692e-03
   1.2580000e+01   2.1406579e-02
   1.2600000e+01   4.4797074e-02
   1.2620000e+01   6.8960723e-02
   1.2640000e+01   7.1149011e-02
   1.2660000e+01   7.0323519e-02
   1.2680000e+01   7.0252380e-02
   1.2700000e+01   5.2110346e-02
   1.2720000e+01   1.2936742e-01
   1.2740000e+01   1.6853256e-01
   1.2760000e+01   1.5099979e-01
   1.2780000e+01   1.4913042e-01
   1.2800000e+01   1.2958741e-01
   1.2820000e+01   1.1998427e-01
   1.2840000e+01   9.4093791e-02
   1.2860000e+01   7.6044113e-02
   1.2880000e+01   6.1333247e-02
   1.2900000e+01   3.5464933e-02
   1.2920000e+01  -3.1576357e-03
   1.2940000e+01  -1.9306171e-03
   1.2960000e+01   2.4860929e-02
   1.2980000e+01  -3.8378263e-03
   1.3000000e+01  -1.1000201e-02
   1.3020000e+01  -5.2276942e-02
   1.3040000e+01  -3.8302709e-02
   1.3060000e+01  -2.6678953e-02
   1.3080000e+01  -1.2168870e-02
   1.3100000e+01   1.6080144e-02
   1.3120000e+01   1.0604746e-02
   1.3140000e+01  -1.2512343e-02
   1.3160000e+01  -4.3764032e-03
   1.3180000e+01  -2.4796175e-02
   1.3200000e+01  -2.8404743e-02
   1.3220000e+01  -2.2072674e-02
   1.3240000e+01  -2.4286230e-02
   1.3260000e+01  -2.4218647e-02
   1.3280000e+01  -1.6085377e-02
   1.3300000e+01  -1.0297683e-02
   1.3320000e+01   5.1009338e-03
   1.3340000e+01  -1.8534373e-02
   1.3360000e+01  -3.5610168e-02
   1.3380000e+01  -4.7342187e-02
   1.3400000e+01  -7.1807455e-02
   1.3420000e+01  -5.8364634e-02
   1.3440000e+01  -4.0769678e-02
   1.3460000e+01  -1.9352974e-02
   1.3480000e+01  -2.4934428e-03
   1.3500000e+01  -1.8243783e-02
   1.3520000e+01  -1.4961384e-02
   1.3540000e+01  -2.0177831e-02
   1.3560000e+01   1.8053161e-02
   1.3580000e+01   2.0315354e-02
   1.3600000e+01   3.7492740e-02
   1.3620000e+01   4.2909624e-02
   1.3640000e+01   4.0570211e-02
   1.3660000e+01   4.1529596e-02
   1.3680000e+01   5.6374137e-02
   1.3700000e+01   8.0085393e-02
   1.3720000e+01   7.5302778e-02
   1.3740000e+01   3.7603528e-02
   1.3760000e+01   2.5838232e-03
   1.3780000e+01  -2.3680933e-02
   1.3800000e+01  -6.2501442e-02
   1.3820000e+01   3.2760332e-02
   1.3840000e+01   3.3856576e-02
   1.3860000e+01  -1.8765001e-02
   1.3880000e+01  -8.9851312e-03
   1.3900000e+01  -4.9419674e-02
   1.3920000e+01  -4.3662656e-02
   1.3940000e+01  -1.0086088e-02
   1.3960000e+01   3.2875123e-03
   1.3980000e+01  -7.1688687e-03
   1.4000000e+01  -1.1817830e-02
   1.4020000e+01   4.3260338e-02
   1.4040000e+01   8.0181237e-02
   1.4060000e+01   1.2600363e-01
   1.4080000e+01   1.7357696e-01
   1.4100000e+01   2.1790180e-01
   1.4120000e+01   1.4001445e-01
   1.4140000e+01   1.0501484e-01
   1.4160000e+01   5.5423617e-02
   1.4180000e+01   1.7711546e-02
   1.4200000e+01   2.8319779e-02
   1.4220000e+01   2.7418572e-02
   1.4240000e+01   6.0929692e-02
   1.4260000e+01   4.0492574e-02
   1.4280000e+01   1.4825116e-02
   1.4300000e+01   1.4919797e-02
   1.4320000e+01  -4.3427472e-03
   1.4340000e+01  -1.4008192e-02
   1.4360000e+01   3.3879820e-02
   1.4380000e+01   7.4770555e-02
   1.4400000e+01   6.9534857e-02
   1.4420000e+01   9.5229640e-02
   1.4440000e+01   1.3045649e-01
   1.4460000e+01   1.6203848e-01
   1.4480000e+01   2.7179747e-02
   1.4500000e+01  -4.6701676e-02
   1.4520000e+01  -9.1271599e-02
   1.4540000e+01  -6.9522585e-02
   1.4560000e+01  -4.9935995e-02
   1.4580000e+01  -2.6284801e-02
   1.4600000e+01  -1.5718960e-03
   1.4620000e+01   1.5402091e-02
   1.4640000e+01   3.0859281e-02
   1.4660000e+01   3.0331618e-02
   1.4680000e+01  -1.0927323e-02
   1.4700000e+01  -9.1491332e-03
   1.4720000e+01  -7.4415638e-02
   1.4740000e+01  -5.4112698e-02
   1.4760000e+01  -5.4993383e-02
   1.4780000e+01  -8.6360438e-02
   1.4800000e+01  -7.5967860e-02
   1.4820000e+01  -6.6363397e-02
   1.4840000e+01  -5.8572181e-02
   1.4860000e+01  -7.7468004e-02
   1.4880000e+01  -6.4737251e-02
   1.4900000e+01  -3.1284408e-02
   1.4920000e+01  -3.2787434e-03
   1.4940000e+01   1.5462191e-02
   1.4960000e+01   7.4147913e-02
   1.4980000e+01   7.5261491e-02
   1.5000000e+01   1.8775707e-02
   1.5020000e+01  -1.5617478e-02
   1.5040000e+01  -5.8481229e-02
   1.5060000e+01  -9.5160136e-02
   1.5080000e+01  -1.2447470e-01
   1.5100000e+01  -8.8526751e-02
   1.5120000e+01  -8.4576418e-02
   1.5140000e+01  -6.6133938e-02
   1.5160000e+01  -5.5020298e-02
   1.5180000e+01  -5.9036097e-02
   1.5200000e+01  -6.9530711e-02
   1.5220000e+01  -6.6963356e-02
   1.5240000e+01  -3.2227528e-02
   1.5260000e+01  -1.5634390e-04
   1.5280000e+01   5.2129952e-02
   1.5300000e+01   7.4998738e-02
   1.5320000e+01   5.6759954e-02
   1.5340000e+01   3.6715095e-02
   1.5360000e+01   6.6399228e-03
   1.5380000e+01   2.0669688e-03
   1.5400000e+01   4.1754874e-02
   1.5420000e+01   5.5363749e-02
   1.5440000e+01   7.6816005e-02
   1.5460000e+01   5.9925704e-02
   1.5480000e+01   6.1915501e-02
   1.5500000e+01   3.7087878e-02
   1.5520000e+01   4.0832211e-02
   1.5540000e+01   3.2056275e-02
   1.5560000e+01   4.4853994e-02
   1.5580000e+01   4.5209534e-02
   1.5600000e+01   5.1198053e-02
   1.5620000e+01   5.0112598e-02
   1.5640000e+01   5.5017631e-02
   1.5660000e+01   5.0853109e-02
   1.5680000e+01   5.0900981e-02
   1.5700000e+01   4.5560837e-02
   1.5720000e+01   5.5963829e-02
   1.5740000e+01   7.1562224e-02
   1.5760000e+01   8.6134138e-02
   1.5780000e+01   1.1292535e-01
   1.5800000e+01   1.4460077e-01
   1.5820000e+01   1.4060723e-01
   1.5840000e+01   9.4824011e-02
   1.5860000e+01   6.5685107e-02
   1.5880000e+01   4.9532987e-02
   1.5900000e+01   3.1036236e-02
   1.5920000e+01   2.6002148e-02
   1.5940000e+01   1.2612108e-02
   1.5960000e+01  -1.8419567e-02
   1.5980000e+01  -5.1796582e-02
   1.6000000e+01  -2.8937276e-02
   1.6020000e+01  -2.2563195e-02
   1.6040000e+01   8.3512888e-03
   1.6060000e+01   2.1042378e-02
   1.6080000e+01   4.5145008e-02
   1.6100000e+01   5.6527709e-02
   1.6120000e+01   8.4776951e-02
   1.6140000e+01   9.7313754e-02
   1.6160000e+01   1.2497516e-01
   1.6180000e+01   1.3021471e-01
   1.6200000e+01   1.4421360e-01
   1.6220000e+01   1.0841067e-01
   1.6240000e+01   6.7965682e-02
   1.6260000e+01   2.7165126e-02
   1.6280000e+01  -1.1695758e-02
   1.6300000e+01  -2.4771155e-02
   1.6320000e+01   3.3767004e-02
   1.6340000e+01   2.4682221e-03
   1.6360000e+01  -1.5086668e-04
   1.6380000e+01  -2.8982370e-02
   1.6400000e+01  -3.9473963e-02
   1.6420000e+01  -5.8708133e-02
   1.6440000e+01  -3.8128832e-02
   1.6460000e+01  -1.9451728e-02
   1.6480000e+01   2.2524129e-03
   1.6500000e+01   2.6315514e-02
   1.6520000e+01   3.0331538e-02
   1.6540000e+01   1.1291305e-02
   1.6560000e+01   4.9533409e-04
   1.6580000e+01  -2.3533789e-02
   1.6600000e+01  -3.0805729e-02
   1.6620000e+01  -5.3277370e-02
   1.6640000e+01  -5.3318023e-02
   1.6660000e+01  -7.3306671e-02
   1.6680000e+01  -7.7779825e-02
   1.6700000e+01  -9.1337987e-02
   1.6720000e+01  -1.0171111e-01
   1.6740000e+01  -1.1644478e-01
   1.6760000e+01  -1.0923177e-01
   1.6780000e+01  -1.0694148e-01
   1.6800000e+01  -9.8724866e-02
   1.6820000e+01  -1.0050814e-01
   1.6840000e+01  -9.4229334e-02
   1.6860000e+01  -8.6565079e-02
   1.6880000e+01  -7.7172355e-02
   1.6900000e+01  -7.2410856e-02
   1.6920000e+01  -5.6220406e-02
   1.6940000e+01  -5.0636210e-02
   1.6960000e+01  -4.4792228e-02
   1.6980000e+01  -4.8423679e-02
   1.7000000e+01  -2.7420491e-02
   1.7020000e+01  -2.9597095e-02
   1.7040000e+01   5.0832042e-03
   1.7060000e+01   1.1886626e-02
   1.7080000e+01   5.1222130e-02
   1.7100000e+01  -4.1724293e-02
   1.7120000e+01  -5.3343911e-02
   1.7140000e+01  -4.6351251e-02
   1.7160000e+01  -4.9555220e-02
   1.7180000e+01  -1.9393087e-02
   1.7200000e+01   2.8010109e-03
   1.7220000e+01   3.7145246e-02
   1.7240000e+01   2.5237667e-02
   1.7260000e+01   2.0132927e-02
   1.7280000e+01   1.1640658e-02
   1.7300000e+01  -4.3537166e-03
   1.7320000e+01  -6.4056140e-03
   1.7340000e+01  -1.4393341e-02
   1.7360000e+01  -1.1459786e-02
   1.7380000e+01  -1.3087728e-02
   1.7400000e+01  -1.3228490e-03
   1.7420000e+01   8.9372409e-03
   1.7440000e+01   3.9417644e-05
   1.7460000e+01  -6.9808091e-03
   1.7480000e+01  -9.6226531e-03
   1.7500000e+01  -2.0456217e-03
   1.7520000e+01   3.2312940e-02
   1.7540000e+01   5.2582632e-02
   1.7560000e+01   8.0639296e-02
   1.7580000e+01   6.9313666e-02
   1.7600000e+01  -1.3861927e-03
   1.7620000e+01  -4.1732669e-02
   1.7640000e+01  -1.0017899e-01
   1.7660000e+01  -1.2954889e-01
   1.7680000e+01  -1.5868165e-01
   1.7700000e+01  -1.7255828e-01
   1.7720000e+01  -1.7415247e-01
   1.7740000e+01  -1.5216627e-01
   1.7760000e+01  -1.3778547e-01
   1.7780000e+01  -1.3046698e-01
   1.7800000e+01  -1.2394992e-01
   1.7820000e+01  -9.0172198e-02
   1.7840000e+01  -7.1078779e-02
   1.7860000e+01  -4.5145361e-02
   1.7880000e+01  -5.9366134e-02
   1.7900000e+01  -5.0956408e-02
   1.7920000e+01  -5.0491968e-02
   1.7940000e+01  -2.4108264e-02
   1.7960000e+01  -3.4019524e-02
   1.7980000e+01  -5.0990027e-02
   1.8000000e+01  -6.1229277e-02
   1.8020000e+01  -4.8655343e-02
   1.8040000e+01  -1.6973528e-02
   1.8060000e+01   5.1225016e-03
   1.8080000e+01   3.6896821e-02
   1.8100000e+01   6.0227248e-02
   1.8120000e+01   8.3692375e-02
   1.8140000e+01   1.0157488e-01
   1.8160000e+01   1.1930054e-01
   1.8180000e+01   1.3472677e-01
   1.8200000e+01   1.3775713e-01
   1.8220000e+01   1.4307582e-01
   1.8240000e+01   1.5121525e-01
   1.8260000e+01   1.5828751e-01
   1.8280000e+01   1.5947390e-01
   1.8300000e+01   1.5378991e-01
   1.8320000e+01   1.4125118e-01
   1.8340000e+01   1.2147423e-01
   1.8360000e+01   1.3714770e-01
   1.8380000e+01   1.5144310e-01
   1.8400000e+01   1.8142490e-01
   1.8420000e+01   1.7631729e-01
   1.8440000e+01   1.4628156e-01
   1.8460000e+01   1.1880236e-01
   1.8480000e+01   7.1216835e-02
   1.8500000e+01   4.1885799e-02
   1.8520000e+01   1.7439194e-02
   1.8540000e+01  -2.0311241e-03
   1.8560000e+01  -1.2310051e-02
   1.8580000e+01  -6.6425727e-03
   1.8600000e+01   2.1223032e-03
   1.8620000e+01   6.1106078e-03
   1.8640000e+01   1.7474747e-02
   1.8660000e+01   1.6500560e-02
   1.8680000e+01   2.3905840e-02
   1.8700000e+01   1.8760898e-02
   1.8720000e+01   2.8164350e-02
   1.8740000e+01   8.1179380e-03
   1.8760000e+01  -3.1905675e-02
   1.8780000e+01  -6.2153923e-02
   1.8800000e+01  -1.0031440e-01
   1.8820000e+01  -1.3662586e-01
   1.8840000e+01  -1.7716974e-01
   1.8860000e+01  -1.9934944e-01
   1.8880000e+01  -1.7500179e-01
   1.8900000e+01  -1.6556090e-01
   1.8920000e+01  -1.2933184e-01
   1.8940000e+01  -9.6025996e-02
   1.8960000e+01  -8.1303556e-02
   1.8980000e+01  -9.4227259e-02
   1.9000000e+01  -8.1178197e-02
   1.9020000e+01  -7.8646699e-02
   1.9040000e+01  -5.9984457e-02
   1.9060000e+01  -7.2696739e-02
   1.9080000e+01  -5.6192691e-02
   1.9100000e+01  -4.9444125e-02
   1.9120000e+01  -5.5802408e-02
   1.9140000e+01  -5.8546018e-02
   1.9160000e+01  -6.2436691e-02
   1.9180000e+01  -7.1742012e-02
   1.9200000e+01  -4.1545923e-02
   1.9220000e+01  -2.1399383e-02
   1.9240000e+01  -5.8392067e-03
   1.9260000e+01  -2.7288416e-02
   1.9280000e+01  -3.3863056e-02
   1.9300000e+01  -6.4390418e-02
   1.9320000e+01  -4.6197324e-02
   1.9340000e+01  -4.5465534e-02
   1.9360000e+01  -2.4105343e-02
   1.9380000e+01  -1.8569266e-02
   1.9400000e+01   4.8624176e-03
   1.9420000e+01   8.2258853e-03
   1.9440000e+01   3.1501603e-02
   1.9460000e+01   4.9516121e-02
   1.9480000e+01   5.7132835e-02
   1.9500000e+01   4.4413589e-02
   1.9520000e+01   3.7763829e-02
   1.9540000e+01   2.3920202e-02
   1.9560000e+01   1.5019783e-02
   1.9580000e+01  -4.7544426e-03
   1.9600000e+01  -1.5083807e-02
   1.9620000e+01  -4.0204334e-02
   1.9640000e+01  -6.1272547e-02
   1.9660000e+01  -8.9563521e-02
   1.9680000e+01  -7.9255309e-02
   1.9700000e+01  -8.3252653e-02
   1.9720000e+01  -6.4288950e-02
   1.9740000e+01  -4.5929310e-02
   1.9760000e+01  -1.3752907e-02
   1.9780000e+01   1.2107548e-02
   1.9800000e+01   4.2274566e-02
   1.9820000e+01   6.1631123e-02
   1.9840000e+01   6.8919062e-02
   1.9860000e+01   3.1762731e-02
   1.9880000e+01   2.5651442e-02
   1.9900000e+01   4.9813080e-03
   1.9920000e+01  -9.7370340e-03
   1.9940000e+01  -3.3580603e-02
   1.9960000e+01  -6.0376422e-02
   1.9980000e+01  -7.7533265e-02
   2.0000000e+01  -4.1069818e-02
   2.0020000e+01  -2.9514346e-02
   2.0040000e+01   9.9286975e-03
   2.0060000e+01   2.7408221e-02
   2.0080000e+01   7.3228163e-02
   2.0100000e+01   9.7397029e-02
   2.0120000e+01   1.3377100e-01
   2.0140000e+01   1.1476527e-01
   2.0160000e+01   1.0236460e-01
   2.0180000e+01   6.6354330e-02
   2.0200000e+01   3.5488825e-02
   2.0220000e+01   3.1905606e-03
   2.0240000e+01  -5.1718134e-03
   2.0260000e+01  -1.2570465e-03
   2.0280000e+01   1.1098891e-02
   2.0300000e+01   2.0044128e-02
   2.0320000e+01   3.7796717e-02
   2.0340000e+01   6.9361508e-02
   2.0360000e+01   1.0068087e-01
   2.0380000e+01   1.2795946e-01
   2.0400000e+01   1.4776178e-01
   2.0420000e+01   1.4503151e-01
   2.0440000e+01   1.5757304e-01
   2.0460000e+01   1.3292202e-01
   2.0480000e+01   1.1287952e-01
   2.0500000e+01   8.0229723e-02
   2.0520000e+01   4.7182715e-02
   2.0540000e+01   2.6729454e-02
   2.0560000e+01  -6.0555446e-03
   2.0580000e+01  -3.3844694e-02
   2.0600000e+01  -7.1056512e-02
   2.0620000e+01  -4.4332005e-02
   2.0640000e+01  -6.6540574e-02
   2.0660000e+01  -7.5197698e-02
   2.0680000e+01  -8.2589871e-02
   2.0700000e+01  -8.4254261e-02
   2.0720000e+01  -9.9411961e-02
   2.0740000e+01  -9.0416363e-02
   2.0760000e+01  -6.0803122e-02
   2.0780000e+01  -1.9127180e-02
   2.0800000e+01   2.8504338e-02
   2.0820000e+01   1.0558054e-01
   2.0840000e+01   1.0711007e-01
   2.0860000e+01   8.2822146e-02
   2.0880000e+01   7.3369118e-02
   2.0900000e+01   5.2026472e-02
   2.0920000e+01   2.4267287e-02
   2.0940000e+01  -1.7053990e-02
   2.0960000e+01  -5.6850924e-02
   2.0980000e+01  -4.9322789e-02
   2.1000000e+01  -6.2957707e-02
   2.1020000e+01  -4.8418912e-02
   2.1040000e+01  -6.6055087e-02
   2.1060000e+01  -6.4557149e-02
   2.1080000e+01  -7.5406418e-02
   2.1100000e+01  -4.9226780e-02
   2.1120000e+01  -1.9633287e-02
   2.1140000e+01   1.7154918e-02
   2.1160000e+01   3.4163532e-02
   2.1180000e+01   2.9170241e-02
   2.1200000e+01   2.4918878e-02
   2.1220000e+01   1.0594820e-02
   2.1240000e+01  -9.6412111e-03
   2.1260000e+01  -3.0674860e-02
   2.1280000e+01  -6.0620129e-02
   2.1300000e+01  -8.9931479e-02
   2.1320000e+01  -1.1750297e-01
   2.1340000e+01  -1.1330853e-01
   2.1360000e+01  -1.1991052e-01
   2.1380000e+01  -1.1769868e-01
   2.1400000e+01  -1.2337844e-01
   2.1420000e+01  -1.1074126e-01
   2.1440000e+01  -1.2298161e-01
   2.1460000e+01  -1.0823117e-01
   2.1480000e+01  -1.0935726e-01
   2.1500000e+01  -9.6311997e-02
   2.1520000e+01  -6.7428282e-02
   2.1540000e+01  -3.6843825e-02
   2.1560000e+01  -1.5125770e-02
   2.1580000e+01   1.2072007e-02
   2.1600000e+01  -4.0022547e-03
   2.1620000e+01  -2.0539232e-02
   2.1640000e+01  -3.4117187e-02
   2.1660000e+01  -4.9483433e-02
   2.1680000e+01  -5.1775109e-02
   2.1700000e+01  -2.8074729e-02
   2.1720000e+01  -1.8786214e-02
   2.1740000e+01   2.8117779e-03
   2.1760000e+01   1.6139778e-02
   2.1780000e+01   4.2709121e-02
   2.1800000e+01   5.5230748e-02
   2.1820000e+01   7.3466979e-02
   2.1840000e+01   5.5672174e-02
   2.1860000e+01   6.0692278e-02
   2.1880000e+01   4.5607547e-02
   2.1900000e+01   4.0530476e-02
   2.1920000e+01   2.2199180e-02
   2.1940000e+01   8.2387082e-03
   2.1960000e+01  -4.9120480e-03
   2.1980000e+01  -1.2041467e-02
   2.2000000e+01  -1.5895209e-02
   2.2020000e+01  -1.4353125e-02
   2.2040000e+01   6.9676078e-03
   2.2060000e+01   2.9108603e-02
   2.2080000e+01   4.5656487e-02
   2.2100000e+01   6.2652109e-02
   2.2120000e+01   6.0520825e-02
   2.2140000e+01   5.6625618e-02
   2.2160000e+01   6.0561403e-02
   2.2180000e+01   5.7283641e-02
   2.2200000e+01   6.1549018e-02
   2.2220000e+01   4.9035705e-02
   2.2240000e+01   2.7731837e-02
   2.2260000e+01   4.5959650e-03
   2.2280000e+01  -2.3100547e-02
   2.2300000e+01  -1.5435206e-02
   2.2320000e+01  -1.5517542e-02
   2.2340000e+01  -8.0756835e-04
   2.2360000e+01   2.7842967e-02
   2.2380000e+01   1.5655522e-02
   2.2400000e+01  -2.0852745e-02
   2.2420000e+01  -1.4454082e-02
   2.2440000e+01  -3.3580247e-02
   2.2460000e+01  -5.6683317e-02
   2.2480000e+01  -6.3897967e-02
   2.2500000e+01  -1.7172830e-02
   2.2520000e+01  -2.7264033e-02
   2.2540000e+01  -2.2298696e-04
   2.2560000e+01   8.3614628e-03
   2.2580000e+01   4.3629859e-02
   2.2600000e+01   3.2269386e-03
   2.2620000e+01  -1.0749552e-02
   2.2640000e+01  -4.3609911e-02
   2.2660000e+01  -1.0032406e-01
   2.2680000e+01  -1.0359131e-01
   2.2700000e+01  -8.5440193e-02
   2.2720000e+01  -7.5725904e-02
   2.2740000e+01  -5.6621771e-02
   2.2760000e+01  -5.0682670e-02
   2.2780000e+01  -2.6605263e-02
   2.2800000e+01  -1.8873839e-02
   2.2820000e+01   4.7596974e-03
   2.2840000e+01  -3.5250685e-04
   2.2860000e+01   7.2416692e-03
   2.2880000e+01   1.7702324e-03
   2.2900000e+01   6.8141284e-03
   2.2920000e+01  -4.3224170e-03
   2.2940000e+01  -4.7965965e-03
   2.2960000e+01  -1.7304902e-02
   2.2980000e+01  -3.1632908e-03
   2.3000000e+01   1.2256110e-02
   2.3020000e+01   1.5393160e-02
   2.3040000e+01   3.2091617e-02
   2.3060000e+01   4.4049947e-02
   2.3080000e+01   6.5860130e-02
   2.3100000e+01   7.9459920e-02
   2.3120000e+01   7.6051636e-02
   2.3140000e+01   7.6222322e-02
   2.3160000e+01   6.4408126e-02
   2.3180000e+01   5.2966261e-02
   2.3200000e+01   3.1878976e-02
   2.3220000e+01   1.0031346e-02
   2.3240000e+01   2.4483005e-03
   2.3260000e+01   1.2721044e-02
   2.3280000e+01   7.8239192e-03
   2.3300000e+01   1.3269634e-02
   2.3320000e+01   1.5857460e-02
   2.3340000e+01   1.6259291e-02
   2.3360000e+01  -5.1902002e-03
   2.3380000e+01  -1.5376387e-03
   2.3400000e+01   2.3264941e-05
   2.3420000e+01   1.0887634e-02
   2.3440000e+01   6.9733549e-03
   2.3460000e+01   1.6664385e-03
   2.3480000e+01   3.7918447e-03
   2.3500000e+01   1.0539387e-02
   2.3520000e+01   4.5879966e-03
   2.3540000e+01   5.7564837e-03
   2.3560000e+01  -2.7563200e-03
   2.3580000e+01  -7.8759946e-03
   2.3600000e+01  -1.1322857e-02
   2.3620000e+01  -1.6010418e-02
   2.3640000e+01  -2.7968438e-02
   2.3660000e+01  -4.1827326e-02
   2.3680000e+01  -4.6955566e-02
   2.3700000e+01  -4.3072788e-02
   2.3720000e+01  -3.9025287e-02
   2.3740000e+01  -3.3765094e-03
   2.3760000e+01   2.3769655e-02
   2.3780000e+01   6.0394899e-02
   2.3800000e+01   8.3395154e-02
   2.3820000e+01   1.0576076e-01
   2.3840000e+01   1.1835567e-01
   2.3860000e+01   1.2171631e-01
   2.3880000e+01   1.4105554e-01
   2.3900000e+01   1.3661712e-01
   2.3920000e+01   1.1279747e-01
   2.3940000e+01   9.8664903e-02
   2.3960000e+01   6.8555688e-02
   2.3980000e+01   4.9409352e-02
   2.4000000e+01   1.4445579e-02
   2.4020000e+01   2.1972888e-05
   2.4040000e+01   3.2796638e-02
   2.4060000e+01   6.2089877e-02
   2.4080000e+01   9.2594315e-02
   2.4100000e+01   1.3413461e-01
   2.4120000e+01   9.0632548e-02
   2.4140000e+01   6.8516552e-02
   2.4160000e+01   3.2163540e-02
   2.4180000e+01   4.1979413e-03
   2.4200000e+01  -4.3491534e-02
   2.4220000e+01  -2.7524078e-02
   2.4240000e+01  -9.1991416e-03
   2.4260000e+01  -6.3438202e-03
   2.4280000e+01  -2.8365504e-03
   2.4300000e+01   1.4509611e-02
   2.4320000e+01   3.9089572e-02
   2.4340000e+01   6.1672724e-02
   2.4360000e+01   9.6242553e-02
   2.4380000e+01   5.0721344e-02
   2.4400000e+01  -6.7284118e-02
   2.4420000e+01  -1.4667955e-01
   2.4440000e+01  -1.0970120e-01
   2.4460000e+01  -1.1767331e-01
   2.4480000e+01  -1.0482295e-01
   2.4500000e+01  -9.6578081e-02
   2.4520000e+01  -7.9582408e-02
   2.4540000e+01  -6.3698079e-02
   2.4560000e+01  -3.6196057e-02
   2.4580000e+01   1.3553417e-02
   2.4600000e+01   2.1344003e-02
   2.4620000e+01   2.6946773e-03
   2.4640000e+01   4.7744350e-04
   2.4660000e+01  -2.9194600e-02
   2.4680000e+01  -6.2479052e-02
   2.4700000e+01  -9.1336084e-02
   2.4720000e+01  -1.1100893e-01
   2.4740000e+01  -1.4808187e-01
   2.4760000e+01  -1.7296114e-01
   2.4780000e+01  -1.7504717e-01
   2.4800000e+01  -1.3281499e-01
   2.4820000e+01  -1.1487616e-01
   2.4840000e+01  -8.8116344e-02
   2.4860000e+01  -6.7350997e-02
   2.4880000e+01  -3.3111378e-02
   2.4900000e+01   4.6878028e-03
   2.4920000e+01   4.5713153e-02
   2.4940000e+01   7.7553221e-02
   2.4960000e+01   1.1362318e-01
   2.4980000e+01   1.4655704e-01
   2.5000000e+01   1.6698733e-01
   2.5020000e+01   1.8612469e-01
   2.5040000e+01   2.0367854e-01
   2.5060000e+01   2.2492422e-01
   2.5080000e+01   2.1322215e-01
   2.5100000e+01   1.9534170e-01
   2.5120000e+01   1.8048096e-01
   2.5140000e+01   1.4761161e-01
   2.5160000e+01   1.3778768e-01
   2.5180000e+01   1.1707790e-01
   2.5200000e+01   9.1586532e-02
   2.5220000e+01   5.6072527e-02
   2.5240000e+01   9.7914494e-02
   2.5260000e+01   1.2406036e-01
   2.5280000e+01   1.5806817e-01
   2.5300000e+01   1.7611600e-01
   2.5320000e+01   2.1090133e-01
   2.5340000e+01   1.5712918e-01
   2.5360000e+01   1.1211589e-01
   2.5380000e+01   6.4513067e-02
   2.5400000e+01   1.5992977e-02
   2.5420000e+01   2.8373152e-02
   2.5440000e+01   2.6184486e-02
   2.5460000e+01   4.9722746e-02
   2.5480000e+01   6.4685290e-02
   2.5500000e+01   8.3867259e-02
   2.5520000e+01   1.1700410e-01
   2.5540000e+01   1.3486592e-01
   2.5560000e+01   1.2137894e-01
   2.5580000e+01   1.1506922e-01
   2.5600000e+01   8.8301432e-02
   2.5620000e+01   4.5053426e-02
   2.5640000e+01   5.7397744e-03
   2.5660000e+01  -3.9176666e-02
   2.5680000e+01  -4.8098201e-02
   2.5700000e+01  -5.6014001e-02
   2.5720000e+01  -5.0431919e-02
   2.5740000e+01  -6.2147027e-02
   2.5760000e+01  -5.5125128e-02
   2.5780000e+01  -7.1284920e-02
   2.5800000e+01  -1.1102248e-03
   2.5820000e+01   3.6205406e-02
   2.5840000e+01   9.5221523e-02
   2.5860000e+01   1.1505623e-01
   2.5880000e+01   7.2939232e-02
   2.5900000e+01   4.4638400e-02
   2.5920000e+01   2.3751965e-03
   2.5940000e+01  -3.8780325e-02
   2.5960000e+01  -8.3532941e-02
   2.5980000e+01  -1.3107210e-01
   2.6000000e+01  -1.1438657e-01
   2.6020000e+01  -1.2179352e-01
   2.6040000e+01  -1.0759953e-01
   2.6060000e+01  -1.0495786e-01
   2.6080000e+01  -9.2785640e-02
   2.6100000e+01  -9.2120958e-02
   2.6120000e+01  -8.0336649e-02
   2.6140000e+01  -9.0072333e-02
   2.6160000e+01  -1.1783093e-01
   2.6180000e+01  -1.4103557e-01
   2.6200000e+01  -1.5271036e-01
   2.6220000e+01  -1.5232951e-01
   2.6240000e+01  -1.4911367e-01
   2.6260000e+01  -1.3860953e-01
   2.6280000e+01  -1.1643008e-01
   2.6300000e+01  -8.0653062e-02
   2.6320000e+01  -5.0759361e-02
   2.6340000e+01  -2.7219063e-02
   2.6360000e+01  -6.4316615e-03
   2.6380000e+01   1.7763934e-03
   2.6400000e+01   1.0641318e-02
   2.6420000e+01   1.5326735e-02
   2.6440000e+01   1.2741691e-02
   2.6460000e+01  -1.1745715e-02
   2.6480000e+01  -3.1149602e-02
   2.6500000e+01  -5.4660660e-02
   2.6520000e+01  -8.8242911e-02
   2.6540000e+01  -7.0845716e-02
   2.6560000e+01  -4.2033057e-02
   2.6580000e+01  -1.2017472e-02
   2.6600000e+01   1.8311753e-02
   2.6620000e+01   5.2728271e-02
   2.6640000e+01   5.5042599e-02
   2.6660000e+01   4.8262597e-02
   2.6680000e+01   5.6512051e-02
   2.6700000e+01   4.9220382e-02
   2.6720000e+01   4.0244068e-02
   2.6740000e+01   1.9145936e-02
   2.6760000e+01   2.2141505e-02
   2.6780000e+01   2.6150947e-02
   2.6800000e+01   1.0395836e-02
   2.6820000e+01   5.5963671e-03
   2.6840000e+01   6.4370387e-03
   2.6860000e+01   1.5123174e-02
   2.6880000e+01   2.8672709e-02
   2.6900000e+01   4.9674258e-02
   2.6920000e+01   5.3497492e-02
   2.6940000e+01   5.6332684e-02
   2.6960000e+01   4.8418362e-02
   2.6980000e+01   4.0961878e-02
   2.7000000e+01   2.4110271e-02
   2.7020000e+01   1.8207288e-02
   2.7040000e+01   2.9997892e-02
   2.7060000e+01   3.7057904e-02
   2.7080000e+01   4.8141259e-02
   2.7100000e+01   2.5802897e-02
   2.7120000e+01   2.5075503e-02
   2.7140000e+01   2.5940352e-03
   2.7160000e+01  -1.0404276e-02
   2.7180000e+01  -3.9069660e-02
   2.7200000e+01  -2.7798761e-02
   2.7220000e+01  -3.2318967e-03
   2.7240000e+01   1.2229730e-02
   2.7260000e+01   3.2538649e-02
   2.7280000e+01   1.1140393e-02
   2.7300000e+01  -7.2107164e-03
   2.7320000e+01  -2.7083620e-02
   2.7340000e+01  -5.1270498e-02
   2.7360000e+01  -7.5649722e-02
   2.7380000e+01  -1.0098666e-01
   2.7400000e+01  -9.9399206e-02
   2.7420000e+01  -9.3690880e-02
   2.7440000e+01  -7.8683571e-02
   2.7460000e+01  -6.9210633e-02
   2.7480000e+01  -5.3132979e-02
   2.7500000e+01  -6.0122084e-02
   2.7520000e+01  -5.5105086e-02
   2.7540000e+01  -5.6908761e-02
   2.7560000e+01  -4.4547048e-02
   2.7580000e+01  -2.4235833e-02
   2.7600000e+01  -1.4424766e-02
   2.7620000e+01  -1.9218983e-02
   2.7640000e+01  -2.5594110e-02
   2.7660000e+01  -4.1855062e-02
   2.7680000e+01  -5.6021976e-02
   2.7700000e+01  -5.6362225e-02
   2.7720000e+01  -5.7344080e-02
   2.7740000e+01  -5.5279855e-02
   2.7760000e+01  -4.7925344e-02
   2.7780000e+01  -3.5364664e-02
   2.7800000e+01  -2.2590176e-02
   2.7820000e+01  -2.0429701e-02
   2.7840000e+01  -2.3205809e-02
   2.7860000e+01  -2.8990356e-02
   2.7880000e+01  -3.1985254e-02
   2.7900000e+01  -2.9889983e-02
   2.7920000e+01  -2.4551522e-02
   2.7940000e+01  -1.5911654e-02
   2.7960000e+01  -1.4978910e-02
   2.7980000e+01  -2.2609709e-02
   2.8000000e+01  -3.1348140e-02
   2.8020000e+01  -4.9175091e-02
   2.8040000e+01  -5.6688970e-02
   2.8060000e+01  -5.1859181e-02
   2.8080000e+01  -5.0570605e-02
   2.8100000e+01  -4.4400314e-02
   2.8120000e+01  -3.4942810e-02
   2.8140000e+01  -2.5037676e-02
   2.8160000e+01  -1.8207913e-02
   2.8180000e+01  -3.8733255e-02
   2.8200000e+01  -4.5467321e-02
   2.8220000e+01  -6.4212196e-02
   2.8240000e+01  -4.3713945e-02
   2.8260000e+01  -2.8387971e-02
   2.8280000e+01   3.8115633e-03
   2.8300000e+01   6.6446947e-03
   2.8320000e+01  -9.4872459e-03
   2.8340000e+01  -1.0881009e-02
   2.8360000e+01  -1.8514644e-02
   2.8380000e+01  -1.8770510e-02
   2.8400000e+01  -2.3532659e-02
   2.8420000e+01   7.5479757e-04
   2.8440000e+01   2.1897052e-02
   2.8460000e+01   4.3925406e-02
   2.8480000e+01   5.7113204e-02
   2.8500000e+01   6.3401793e-02
   2.8520000e+01   7.1130511e-02
   2.8540000e+01   4.5266594e-02
   2.8560000e+01   4.5056866e-02
   2.8580000e+01   3.0811374e-02
   2.8600000e+01   2.5677463e-02
   2.8620000e+01   1.5208122e-02
   2.8640000e+01   1.6899218e-02
   2.8660000e+01   1.8018339e-02
   2.8680000e+01   1.9691061e-02
   2.8700000e+01   3.5231737e-03
   2.8720000e+01  -3.5395308e-03
   2.8740000e+01  -1.3501577e-02
   2.8760000e+01  -4.6783615e-03
   2.8780000e+01   1.1541735e-02
   2.8800000e+01   3.0629605e-02
   2.8820000e+01   4.5018913e-02
   2.8840000e+01   4.9959690e-02
   2.8860000e+01   3.6184002e-02
   2.8880000e+01   2.3413065e-02
   2.8900000e+01   7.2069133e-03
   2.8920000e+01  -5.1322554e-03
   2.8940000e+01  -2.2266250e-02
   2.8960000e+01  -2.4886930e-02
   2.8980000e+01  -2.4249991e-02
   2.9000000e+01  -2.7920468e-02
   2.9020000e+01  -2.9947025e-02
   2.9040000e+01  -3.6323609e-02
   2.9060000e+01  -4.0141296e-02
   2.9080000e+01  -4.1339794e-02
   2.9100000e+01  -3.3247737e-02
   2.9120000e+01  -2.6563304e-02
   2.9140000e+01  -3.0935597e-02
   2.9160000e+01  -2.9872196e-02
   2.9180000e+01  -3.0695203e-02
   2.9200000e+01  -3.5431233e-02
   2.9220000e+01  -3.8172130e-02
   2.9240000e+01  -4.6925517e-02
   2.9260000e+01  -4.4221554e-02
   2.9280000e+01  -3.3599899e-02
   2.9300000e+01  -2.2380826e-02
   2.9320000e+01  -2.0338966e-02
   2.9340000e+01  -2.6052783e-02
   2.9360000e+01  -2.5996485e-02
   2.9380000e+01  -2.6886544e-02
   2.9400000e+01  -2.7639041e-02
   2.9420000e+01  -2.7006915e-02
   2.9440000e+01  -8.6069627e-03
   2.9460000e+01  -4.0609884e-03
   2.9480000e+01   1.1615538e-02
   2.9500000e+01   5.2651458e-03
   2.9520000e+01  -8.1747080e-03
   2.9540000e+01  -1.5588888e-02
   2.9560000e+01  -1.5403142e-02
   2.9580000e+01   9.9516581e-04
   2.9600000e+01   1.2244542e-02
   2.9620000e+01   2.8666579e-02
   2.9640000e+01   4.4401957e-02
   2.9660000e+01   6.5735822e-02
   2.9680000e+01   7.8979152e-02
   2.9700000e+01   8.6598151e-02
   2.9720000e+01   8.8310216e-02
   2.9740000e+01   9.1008219e-02
   2.9760000e+01   8.6354058e-02
   2.9780000e+01   7.8777420e-02
   2.9800000e+01   6.7726605e-02
   2.9820000e+01   5.8803601e-02
   2.9840000e+01   4.6428759e-02
   2.9860000e+01   3.9118387e-02
   2.9880000e+01   2.6749021e-02
   2.9900000e+01   2.1764004e-02
   2.9920000e+01   1.3345182e-02
   2.9940000e+01   1.1009327e-02
   2.9960000e+01   9.4657622e-03
   2.9980000e+01   1.0728968e-02
   3.0000000e+01   8.2712054e-03
   3.0020000e+01   1.9397157e-02
   3.0040000e+01   3.1188234e-02
   3.0060000e+01   3.6752032e-02
   3.0080000e+01   3.9936698e-02
   3.0100000e+01   4.5694952e-02
   3.0120000e+01   3.9535925e-02
   3.0140000e+01   2.9317009e-02
   3.0160000e+01   2.3758781e-02
   3.0180000e+01   2.7373310e-02
   3.0200000e+01   2.8037756e-02
   3.0220000e+01   2.8612263e-02
   3.0240000e+01   9.8169986e-03
   3.0260000e+01  -4.3777854e-03
   3.0280000e+01  -1.7909941e-02
   3.0300000e+01  -2.4124250e-02
   3.0320000e+01  -3.7624124e-02
   3.0340000e+01  -4.7561433e-02
   3.0360000e+01  -6.3447723e-02
   3.0380000e+01  -6.1973951e-02
   3.0400000e+01  -6.3883577e-02
   3.0420000e+01  -5.6752497e-02
   3.0440000e+01  -5.0482524e-02
   3.0460000e+01  -3.8042041e-02
   3.0480000e+01  -3.3463712e-02
   3.0500000e+01  -2.7291244e-02
   3.0520000e+01  -2.2977649e-02
   3.0540000e+01  -1.6586350e-02
   3.0560000e+01  -1.0936255e-02
   3.0580000e+01  -5.4304435e-03
   3.0600000e+01  -5.1458733e-03
   3.0620000e+01  -9.1625368e-03
   3.0640000e+01  -1.3465054e-02
   3.0660000e+01  -1.5636414e-02
   3.0680000e+01  -2.6797791e-02
   3.0700000e+01  -3.5718809e-02
   3.0720000e+01  -4.4692502e-02
   3.0740000e+01  -4.6863636e-02
   3.0760000e+01  -4.8275483e-02
   3.0780000e+01  -4.5142317e-02
   3.0800000e+01  -4.3975025e-02
   3.0820000e+01  -3.8377551e-02
   3.0840000e+01  -3.1403416e-02
   3.0860000e+01  -8.4707387e-03
   3.0880000e+01   1.3662693e-03
   3.0900000e+01   1.8283597e-02
   3.0920000e+01   3.2494395e-02
   3.0940000e+01   5.2227322e-02
   3.0960000e+01   4.3046134e-02
   3.0980000e+01   4.4007673e-02
   3.1000000e+01   3.5789547e-02
   3.1020000e+01   3.0364457e-02
   3.1040000e+01   1.7777233e-02
   3.1060000e+01   8.7409877e-03
   3.1080000e+01   7.2756445e-03
   3.1100000e+01   9.9927912e-03
   3.1120000e+01   4.7401055e-03
   3.1140000e+01   1.4045765e-03
   3.1160000e+01  -6.6334319e-03
   3.1180000e+01  -1.1493049e-02
   3.1200000e+01  -9.0486032e-03
   3.1220000e+01  -8.1317221e-03
   3.1240000e+01  -7.1446029e-03
   3.1260000e+01  -1.5675098e-02
   3.1280000e+01  -1.4631214e-02
   3.1300000e+01  -1.5051060e-02
   3.1320000e+01  -1.7910425e-02
   3.1340000e+01  -2.4363264e-02
   3.1360000e+01  -2.3630891e-02
   3.1380000e+01  -1.9089491e-02
   3.1400000e+01  -1.5199446e-02
   3.1420000e+01  -1.0146942e-02
   3.1440000e+01  -1.1845428e-02
   3.1460000e+01  -1.2757627e-02
   3.1480000e+01  -1.1448837e-02
   3.1500000e+01  -1.0999946e-02
   3.1520000e+01  -1.1396670e-02
   3.1540000e+01  -1.1005690e-02
   3.1560000e+01  -4.9624484e-03
   3.1580000e+01  -7.5373948e-03
   3.1600000e+01  -1.6602437e-02
   3.1620000e+01  -2.0750901e-02
   3.1640000e+01  -2.6331716e-02
   3.1660000e+01  -1.4414532e-02
   3.1680000e+01  -8.8225457e-03
   3.1700000e+01   1.9177369e-03
   3.1720000e+01   6.2938476e-03
   3.1740000e+01   2.2659719e-04
   3.1760000e+01   2.1427265e-03
   3.1780000e+01  -3.2182281e-03
   3.1800000e+01  -2.9429280e-03
   3.1820000e+01   2.6355328e-03
   3.1840000e+01   1.0169049e-02
   3.1860000e+01   1.1725028e-03
   3.1880000e+01  -1.0632121e-02
   3.1900000e+01  -2.1762711e-02
   3.1920000e+01  -1.1344188e-02
   3.1940000e+01  -1.0199173e-02
   3.1960000e+01  -1.4747255e-03
   3.1980000e+01   8.1050328e-04
   3.2000000e+01   8.1913302e-03
   3.2020000e+01   1.3196378e-02
   3.2040000e+01   2.2670202e-02
   3.2060000e+01   1.2460920e-02
   3.2080000e+01   6.6898959e-03
   3.2100000e+01  -1.7533566e-03
   3.2120000e+01  -6.7960220e-03
   3.2140000e+01  -9.2758159e-03
   3.2160000e+01  -6.8383911e-03
   3.2180000e+01  -6.3326907e-03
   3.2200000e+01  -1.8359230e-03
   3.2220000e+01   1.0794872e-03
   3.2240000e+01   9.1736742e-03
   3.2260000e+01   1.8457437e-02
   3.2280000e+01   2.7054376e-02
   3.2300000e+01   3.8295105e-02
   3.2320000e+01   3.9244667e-02
   3.2340000e+01   2.7893517e-02
   3.2360000e+01   2.1505592e-02
   3.2380000e+01   1.0852246e-02
   3.2400000e+01   2.5469334e-03
   3.2420000e+01  -5.6072205e-03
   3.2440000e+01  -4.0177363e-03
   3.2460000e+01  -6.1531841e-03
   3.2480000e+01  -5.0876869e-03
   3.2500000e+01  -6.5386543e-03
   3.2520000e+01   4.0043091e-03
   3.2540000e+01   1.0665936e-02
   3.2560000e+01   2.5668358e-02
   3.2580000e+01   2.9142499e-02
   3.2600000e+01   2.2754486e-02
   3.2620000e+01   1.9004581e-02
   3.2640000e+01   1.0584357e-02
   3.2660000e+01   1.1382835e-02
   3.2680000e+01   8.0222813e-03
   3.2700000e+01   5.7971094e-03
   3.2720000e+01   4.3827176e-03
   3.2740000e+01   6.9013956e-03
   3.2760000e+01   1.2011832e-02
   3.2780000e+01   1.0809201e-02
   3.2800000e+01   4.4961911e-03
   3.2820000e+01   1.0246151e-03
   3.2840000e+01  -7.5577903e-03
   3.2860000e+01  -2.0517288e-03
   3.2880000e+01  -2.7891052e-03
   3.2900000e+01   1.9786182e-03
   3.2920000e+01   6.7287937e-04
   3.2940000e+01  -1.1742473e-03
   3.2960000e+01  -2.7742280e-03
   3.2980000e+01  -1.0986231e-03
   3.3000000e+01   4.4216593e-03
   3.3020000e+01   9.2409477e-03
   3.3040000e+01   1.1743058e-02
   3.3060000e+01   1.8103441e-02
   3.3080000e+01   2.5697578e-02
   3.3100000e+01   3.4689115e-02
   3.3120000e+01   3.4135119e-02
   3.3140000e+01   2.7674842e-02
   3.3160000e+01   2.3274606e-02
   3.3180000e+01   1.5801837e-02
   3.3200000e+01   1.7167936e-02
   3.3220000e+01   1.3539590e-02
   3.3240000e+01   7.6961830e-03
   3.3260000e+01   2.8432951e-03
   3.3280000e+01   3.4592809e-03
   3.3300000e+01   2.8833322e-03
   3.3320000e+01   1.8729994e-03
   3.3340000e+01   3.3874847e-03
   3.3360000e+01   1.0504376e-02
   3.3380000e+01   1.4199304e-02
   3.3400000e+01   2.1330387e-02
   3.3420000e+01   2.6592890e-02
   3.3440000e+01   3.3971656e-02
   3.3460000e+01   3.8093889e-02
   3.3480000e+01   4.2073790e-02
   3.3500000e+01   4.4253812e-02
   3.3520000e+01   4.2389920e-02
   3.3540000e+01   3.9070314e-02
   3.3560000e+01   3.5114195e-02
   3.3580000e+01   2.8323911e-02
   3.3600000e+01   2.4797736e-02
   3.3620000e+01   1.8993274e-02
   3.3640000e+01   1.8973104e-02
   3.3660000e+01   1.7879909e-02
   3.3680000e+01   1.3597342e-02
   3.3700000e+01   3.8643338e-03
   3.3720000e+01  -9.1697694e-04
   3.3740000e+01  -7.4348138e-03
   3.3760000e+01  -1.1592081e-02
   3.3780000e+01  -1.6997299e-02
   3.3800000e+01  -1.4793914e-02
   3.3820000e+01  -1.1965427e-02
   3.3840000e+01  -5.9229487e-03
   3.3860000e+01  -2.1254736e-03
   3.3880000e+01   7.1310765e-03
   3.3900000e+01  -2.2212795e-04
   3.3920000e+01   7.5802892e-04
   3.3940000e+01  -4.1288832e-03
   3.3960000e+01  -1.6193051e-03
   3.3980000e+01  -4.5214022e-03
   3.4000000e+01  -2.4577823e-03
   3.4020000e+01  -1.9433160e-03
   3.4040000e+01   4.5232202e-04
   3.4060000e+01  -7.5928531e-03
   3.4080000e+01  -7.8174650e-03
   3.4100000e+01  -1.2318334e-02
   3.4120000e+01  -1.2784797e-02
   3.4140000e+01  -1.7241917e-02
   3.4160000e+01  -9.9045401e-03
   3.4180000e+01  -8.1491581e-03
   3.4200000e+01  -2.3833391e-03
   3.4220000e+01   1.3243292e-03
   3.4240000e+01   8.6294323e-03
   3.4260000e+01   1.5663828e-02
   3.4280000e+01   2.5648735e-02
   3.4300000e+01   3.4954432e-02
   3.4320000e+01   4.3710937e-02
   3.4340000e+01   4.6302880e-02
   3.4360000e+01   5.1395590e-02
   3.4380000e+01   5.5244817e-02
   3.4400000e+01   6.0773241e-02
   3.4420000e+01   6.1071627e-02
   3.4440000e+01   5.5490402e-02
   3.4460000e+01   4.8699204e-02
   3.4480000e+01   4.0750802e-02
   3.4500000e+01   3.4924517e-02
   3.4520000e+01   3.0507417e-02
   3.4540000e+01   2.5925425e-02
   3.4560000e+01   2.2023004e-02
   3.4580000e+01   2.0044840e-02
   3.4600000e+01   1.7235376e-02
   3.4620000e+01   1.8089049e-02
   3.4640000e+01   2.2686394e-02
   3.4660000e+01   2.7290415e-02
   3.4680000e+01   2.9937316e-02
   3.4700000e+01   2.7605936e-02
   3.4720000e+01   2.4432409e-02
   3.4740000e+01   2.1377161e-02
   3.4760000e+01   2.0857711e-02
   3.4780000e+01   2.3149815e-02
   3.4800000e+01   1.4907542e-02
   3.4820000e+01   8.0683367e-03
   3.4840000e+01   5.8848632e-04
   3.4860000e+01  -4.2599722e-03
   3.4880000e+01  -1.0617398e-02
   3.4900000e+01  -1.5935268e-02
   3.4920000e+01  -2.0304103e-02
   3.4940000e+01  -1.9674408e-02
   3.4960000e+01  -2.2846336e-02
   3.4980000e+01  -2.5796907e-02
   3.5000000e+01  -3.0377895e-02
   3.5020000e+01  -2.8428440e-02
   3.5040000e+01  -1.9989322e-02
   3.5060000e+01  -1.8646287e-02
   3.5080000e+01  -1.7661658e-02
   3.5100000e+01  -1.5913382e-02
   3.5120000e+01  -1.4496419e-02
   3.5140000e+01  -1.1226175e-02
   3.5160000e+01  -1.1459612e-02
   3.5180000e+01  -1.1336154e-02
   3.5200000e+01  -1.1319787e-02
   3.5220000e+01  -1.2567591e-02
   3.5240000e+01  -7.9679134e-03
   3.5260000e+01  -7.4473155e-03
   3.5280000e+01  -5.1120885e-03
   3.5300000e+01  -4.1234609e-03
   3.5320000e+01  -3.5884068e-03
   3.5340000e+01  -5.5692485e-03
   3.5360000e+01  -1.4075901e-02
   3.5380000e+01  -2.0059479e-02
   3.5400000e+01  -2.6034809e-02
   3.5420000e+01  -2.5906865e-02
   3.5440000e+01  -2.5613795e-02
   3.5460000e+01  -2.1716034e-02
   3.5480000e+01  -1.9019655e-02
   3.5500000e+01  -1.3438625e-02
   3.5520000e+01  -8.3598110e-03
   3.5540000e+01  -5.9736104e-03
   3.5560000e+01  -4.8999235e-03
   3.5580000e+01  -5.5310746e-03
   3.5600000e+01  -5.8723545e-03
   3.5620000e+01  -4.6274254e-03
   3.5640000e+01  -6.1555262e-03
   3.5660000e+01  -7.7716198e-03
   3.5680000e+01  -1.6393028e-02
   3.5700000e+01  -2.3897438e-02
   3.5720000e+01  -3.4161375e-02
   3.5740000e+01  -4.2794056e-02
   3.5760000e+01  -4.9804054e-02
   3.5780000e+01  -4.5035555e-02
   3.5800000e+01  -4.3964462e-02
   3.5820000e+01  -3.8546749e-02
   3.5840000e+01  -3.6491863e-02
   3.5860000e+01  -3.5513023e-02
   3.5880000e+01  -3.3600461e-02
   3.5900000e+01  -3.3014207e-02
   3.5920000e+01  -3.0321326e-02
   3.5940000e+01  -3.0256265e-02
   3.5960000e+01  -3.2029584e-02
   3.5980000e+01  -3.3985673e-02
   3.6000000e+01  -3.7833720e-02
   3.6020000e+01  -4.1019690e-02
   3.6040000e+01  -4.4549137e-02
   3.6060000e+01  -4.7098347e-02
   3.6080000e+01  -4.3716642e-02
   3.6100000e+01  -4.1403068e-02
   3.6120000e+01  -3.2875710e-02
   3.6140000e+01  -2.6083230e-02
   3.6160000e+01  -1.7079720e-02
   3.6180000e+01  -9.3062182e-03
   3.6200000e+01  -5.6889913e-03
   3.6220000e+01  -4.5946446e-03
   3.6240000e+01  -6.1729098e-03
   3.6260000e+01  -6.6519514e-03
   3.6280000e+01  -8.8378712e-03
   3.6300000e+01  -9.8619033e-03
   3.6320000e+01  -1.2947770e-02
   3.6340000e+01  -1.3039225e-02
   3.6360000e+01  -1.4847279e-02
   3.6380000e+01  -6.7270480e-03
   3.6400000e+01  -3.3049644e-03
   3.6420000e+01   2.8000054e-04
   3.6440000e+01   4.0483004e-03
   3.6460000e+01   8.4721446e-03
   3.6480000e+01   1.1568848e-02
   3.6500000e+01   1.3331373e-02
   3.6520000e+01   1.5132707e-02
   3.6540000e+01   1.8018671e-02
   3.6560000e+01   1.7757665e-02
   3.6580000e+01   1.7171410e-02
   3.6600000e+01   1.5379342e-02
   3.6620000e+01   1.1564743e-02
   3.6640000e+01   8.1155573e-03
   3.6660000e+01   5.6176539e-03
   3.6680000e+01   3.1189219e-03
   3.6700000e+01   3.0556650e-04
   3.6720000e+01  -2.9050380e-03
   3.6740000e+01  -4.6419240e-03
   3.6760000e+01  -7.5273081e-03
   3.6780000e+01  -9.1143817e-03
   3.6800000e+01  -9.8399889e-03
   3.6820000e+01  -8.4726054e-03
   3.6840000e+01  -7.2800998e-03
   3.6860000e+01  -8.1317448e-03
   3.6880000e+01  -8.8786173e-03
   3.6900000e+01  -1.1777480e-02
   3.6920000e+01  -1.4980795e-02
   3.6940000e+01  -1.6826442e-02
   3.6960000e+01  -1.8603748e-02
   3.6980000e+01  -1.9353013e-02
   3.7000000e+01  -2.0250157e-02
   3.7020000e+01  -2.0630024e-02
   3.7040000e+01  -2.4137128e-02
   3.7060000e+01  -2.8493493e-02
   3.7080000e+01  -3.3224551e-02
   3.7100000e+01  -3.7104193e-02
   3.7120000e+01  -4.1167052e-02
   3.7140000e+01  -4.4451426e-02
   3.7160000e+01  -4.3970503e-02
   3.7180000e+01  -4.3547660e-02
   3.7200000e+01  -4.2282696e-02
   3.7220000e+01  -4.1006253e-02
   3.7240000e+01  -3.8420586e-02
   3.7260000e+01  -3.3051253e-02
   3.7280000e+01  -2.9649183e-02
   3.7300000e+01  -1.7691574e-02
   3.7320000e+01  -1.1687541e-02
   3.7340000e+01  -9.2346852e-03
   3.7360000e+01  -9.8843201e-03
   3.7380000e+01  -1.0155276e-02
   3.7400000e+01  -1.0244561e-02
   3.7420000e+01  -1.1614277e-02
   3.7440000e+01  -1.0567070e-02
   3.7460000e+01  -1.3233307e-02
   3.7480000e+01  -1.4446494e-02
   3.7500000e+01  -1.7694390e-02
   3.7520000e+01  -1.3457834e-02
   3.7540000e+01  -5.0353849e-03
   3.7560000e+01   1.3867390e-03
   3.7580000e+01   1.1915516e-02
   3.7600000e+01   1.7816442e-02
   3.7620000e+01   1.7471579e-02
   3.7640000e+01   1.9328462e-02
   3.7660000e+01   2.1373764e-02
   3.7680000e+01   2.3418199e-02
   3.7700000e+01   2.4249908e-02
   3.7720000e+01   3.0000074e-02
   3.7740000e+01   3.4420045e-02
   3.7760000e+01   4.0763832e-02
   3.7780000e+01   4.3470847e-02
   3.7800000e+01   4.6334138e-02
   3.7820000e+01   4.7828813e-02
   3.7840000e+01   5.0048048e-02
   3.7860000e+01   5.0443178e-02
   3.7880000e+01   5.1202463e-02
   3.7900000e+01   4.8590379e-02
   3.7920000e+01   4.6419323e-02
   3.7940000e+01   4.2079280e-02
   3.7960000e+01   3.9415434e-02
   3.7980000e+01   3.5309263e-02
   3.8000000e+01   3.1764066e-02
   3.8020000e+01   2.7922168e-02
   3.8040000e+01   3.1315783e-02
   3.8060000e+01   3.3717566e-02
   3.8080000e+01   3.7894381e-02
   3.8100000e+01   4.1804565e-02
   3.8120000e+01   3.9267419e-02
   3.8140000e+01   3.6035704e-02
   3.8160000e+01   3.3211359e-02
   3.8180000e+01   2.8909009e-02
   3.8200000e+01   2.5506711e-02
   3.8220000e+01   1.9643675e-02
   3.8240000e+01   1.7372516e-02
   3.8260000e+01   1.4160531e-02
   3.8280000e+01   1.1451618e-02
   3.8300000e+01   9.3358441e-03
   3.8320000e+01   7.5359889e-03
   3.8340000e+01   5.5948621e-03
   3.8360000e+01   2.7503371e-03
   3.8380000e+01  -4.2488786e-03
   3.8400000e+01  -9.0236101e-03
   3.8420000e+01  -1.2965783e-02
   3.8440000e+01  -1.3572229e-02
   3.8460000e+01  -1.5850799e-02
   3.8480000e+01  -1.5458883e-02
   3.8500000e+01  -1.6539593e-02
   3.8520000e+01  -1.4785749e-02
   3.8540000e+01  -1.1777233e-02
   3.8560000e+01  -9.2004348e-03
   3.8580000e+01  -8.4160398e-03
   3.8600000e+01  -5.7528455e-03
   3.8620000e+01  -5.0805701e-03
   3.8640000e+01  -5.2855124e-03
   3.8660000e+01  -5.7046856e-03
   3.8680000e+01  -6.6405816e-03
   3.8700000e+01  -7.6224198e-03
   3.8720000e+01  -9.6580444e-03
   3.8740000e+01  -1.0414914e-02
   3.8760000e+01  -8.2152374e-03
   3.8780000e+01  -7.1140903e-03
   3.8800000e+01   1.0291516e-03
   3.8820000e+01   3.5487936e-03
   3.8840000e+01   8.5585374e-03
   3.8860000e+01   9.8181686e-03
   3.8880000e+01   1.1457361e-02
   3.8900000e+01   1.3071407e-02
   3.8920000e+01   1.6512851e-02
   3.8940000e+01   2.1269241e-02
   3.8960000e+01   2.5447113e-02
   3.8980000e+01   2.7231601e-02
   3.9000000e+01   2.8428959e-02
   3.9020000e+01   2.8967825e-02
   3.9040000e+01   2.9659603e-02
   3.9060000e+01   3.0897352e-02
   3.9080000e+01   2.9412033e-02
   3.9100000e+01   2.5946993e-02
   3.9120000e+01   2.2890218e-02
   3.9140000e+01   2.3973564e-02
   3.9160000e+01   2.6193861e-02
   3.9180000e+01   2.7333102e-02
   3.9200000e+01   2.9594047e-02
   3.9220000e+01   3.1686343e-02
   3.9240000e+01   3.3610490e-02
   3.9260000e+01   3.4135956e-02
   3.9280000e+01   3.2843151e-02
   3.9300000e+01   3.1839830e-02
   3.9320000e+01   2.9247417e-02
   3.9340000e+01   2.9626208e-02
   3.9360000e+01   3.0498426e-02
   3.9380000e+01   2.8522179e-02
   3.9400000e+01   2.6357314e-02
   3.9420000e+01   2.5078483e-02
   3.9440000e+01   2.2838124e-02
   3.9460000e+01   2.2195701e-02
   3.9480000e+01   2.3149427e-02
   3.9500000e+01   2.4286390e-02
   3.9520000e+01   2.5526527e-02
   3.9540000e+01   2.7008950e-02
   3.9560000e+01   2.5480123e-02
   3.9580000e+01   2.2580478e-02
   3.9600000e+01   1.8540218e-02
   3.9620000e+01   1.4353805e-02
   3.9640000e+01   1.0721916e-02
   3.9660000e+01   9.5048334e-03
   3.9680000e+01   9.9987004e-03
   3.9700000e+01   1.0207068e-02
   3.9720000e+01   1.2297523e-02
   3.9740000e+01   1.5142549e-02
   3.9760000e+01   1.6251089e-02
   3.9780000e+01   1.4144442e-02
   3.9800000e+01   1.2375242e-02
   3.9820000e+01   1.0422394e-02
   3.9840000e+01   7.4325397e-03
   3.9860000e+01   9.2556602e-03
   3.9880000e+01   9.1111339e-03
   3.9900000e+01   1.0235013e-02
   3.9920000e+01   4.2333123e-03
   3.9940000e+01   5.3853307e-04
   3.9960000e+01  -5.0115374e-03
   3.9980000e+01  -1.0581529e-02
   4.0000000e+01  -1.4595324e-02
   4.0020000e+01  -1.5845764e-02
   4.0040000e+01  -1.9525423e-02
   4.0060000e+01  -2.1577159e-02
   4.0080000e+01  -2.3463992e-02
   4.0100000e+01  -2.3607229e-02
   4.0120000e+01  -2.7152080e-02
   4.0140000e+01  -2.8115097e-02
   4.0160000e+01  -2.9717986e-02
   4.0180000e+01  -2.8941115e-02
   4.0200000e+01  -2.8789348e-02
   4.0220000e+01  -2.7313709e-02
   4.0240000e+01  -2.6779732e-02
   4.0260000e+01  -2.3780210e-02
   4.0280000e+01  -2.2464883e-02
   4.0300000e+01  -2.0365485e-02
   4.0320000e+01  -2.1033486e-02
   4.0340000e+01  -2.4550750e-02
   4.0360000e+01  -2.7732349e-02
   4.0380000e+01  -3.0384366e-02
   4.0400000e+01  -3.2872292e-02
   4.0420000e+01  -3.2223648e-02
   4.0440000e+01  -3.1700427e-02
   4.0460000e+01  -2.8613347e-02
   4.0480000e+01  -2.6784619e-02
   4.0500000e+01  -2.3536802e-02
   4.0520000e+01  -2.0985502e-02
   4.0540000e+01  -1.6161336e-02
   4.0560000e+01  -1.2459088e-02
   4.0580000e+01  -1.0099166e-02
   4.0600000e+01  -9.7631437e-03
   4.0620000e+01  -9.3342939e-03
   4.0640000e+01  -9.9290066e-03
   4.0660000e+01  -1.1052402e-02
   4.0680000e+01  -1.4695114e-02
   4.0700000e+01  -1.6547467e-02
   4.0720000e+01  -1.7979820e-02
   4.0740000e+01  -1.4098231e-02
   4.0760000e+01  -1.1680448e-02
   4.0780000e+01  -7.6697880e-03
   4.0800000e+01  -5.4156558e-03
   4.0820000e+01  -1.1264930e-03
   4.0840000e+01   2.1106869e-03
   4.0860000e+01   6.1655063e-03
   4.0880000e+01   6.5586509e-03
   4.0900000e+01   6.7804636e-03
   4.0920000e+01   8.3975160e-03
   4.0940000e+01   9.9548321e-03
   4.0960000e+01   1.0702143e-02
   4.0980000e+01   1.1416641e-02
   4.1000000e+01   1.1059347e-02
   4.1020000e+01   1.2504049e-02
   4.1040000e+01   1.3679957e-02
   4.1060000e+01   1.5767207e-02
   4.1080000e+01   1.7538404e-02
   4.1100000e+01   1.9777317e-02
   4.1120000e+01   2.3681129e-02
   4.1140000e+01   2.5855655e-02
   4.1160000e+01   2.8466132e-02
   4.1180000e+01   2.7867523e-02
   4.1200000e+01   2.7894905e-02
   4.1220000e+01   2.6330227e-02
   4.1240000e+01   2.5219723e-02
   4.1260000e+01   2.6150286e-02
   4.1280000e+01   2.6788220e-02
   4.1300000e+01   2.6890600e-02
   4.1320000e+01   2.4185530e-02
   4.1340000e+01   2.2648021e-02
   4.1360000e+01   2.0698980e-02
   4.1380000e+01   2.0035436e-02
   4.1400000e+01   1.6571479e-02
   4.1420000e+01   1.2229553e-02
   4.1440000e+01   8.0462694e-03
   4.1460000e+01   3.3849066e-03
   4.1480000e+01   1.7006019e-03
   4.1500000e+01  -1.2528508e-03
   4.1520000e+01  -4.4143915e-03
   4.1540000e+01  -7.8537596e-03
   4.1560000e+01  -8.5560049e-03
   4.1580000e+01  -1.1147580e-02
   4.1600000e+01  -1.2428891e-02
   4.1620000e+01  -1.2443466e-02
   4.1640000e+01  -1.1804490e-02
   4.1660000e+01  -1.3302558e-02
   4.1680000e+01  -1.5360146e-02
   4.1700000e+01  -1.7242865e-02
   4.1720000e+01  -1.8632165e-02
   4.1740000e+01  -1.9168139e-02
   4.1760000e+01  -1.9434430e-02
   4.1780000e+01  -1.9108517e-02
   4.1800000e+01  -2.1781097e-02
   4.1820000e+01  -2.2453548e-02
   4.1840000e+01  -2.4168366e-02
   4.1860000e+01  -2.4545964e-02
   4.1880000e+01  -2.7593871e-02
   4.1900000e+01  -2.8179515e-02
   4.1920000e+01  -2.7180027e-02
   4.1940000e+01  -2.5627409e-02
   4.1960000e+01  -2.3517460e-02
   4.1980000e+01  -2.1138249e-02
   4.2000000e+01  -1.8434433e-02
   4.2020000e+01  -1.3659628e-02
   4.2040000e+01  -1.0749220e-02
   4.2060000e+01  -2.1476391e-03
   4.2080000e+01   4.4794714e-03
   4.2100000e+01   1.2827132e-02
   4.2120000e+01   1.5252158e-02
   4.2140000e+01   1.9997079e-02
   4.2160000e+01   2.2104177e-02
   4.2180000e+01   2.5479461e-02
   4.2200000e+01   2.7862814e-02
   4.2220000e+01   2.9918725e-02
   4.2240000e+01   3.1587880e-02
   4.2260000e+01   3.3874403e-02
   4.2280000e+01   3.7798573e-02
   4.2300000e+01   4.1984859e-02
   4.2320000e+01   4.6102293e-02
   4.2340000e+01   5.0503906e-02
   4.2360000e+01   5.4061416e-02
   4.2380000e+01   5.8168291e-02
   4.2400000e+01   6.1108630e-02
   4.2420000e+01   6.4004165e-02
   4.2440000e+01   6.2895588e-02
   4.2460000e+01   6.2120590e-02
   4.2480000e+01   6.0040806e-02
   4.2500000e+01   5.8353843e-02
   4.2520000e+01   5.5137686e-02
   4.2540000e+01   5.1765657e-02
   4.2560000e+01   4.6695681e-02
   4.2580000e+01   4.2026650e-02
   4.2600000e+01   3.6257885e-02
   4.2620000e+01   3.2739207e-02
   4.2640000e+01   3.0122603e-02
   4.2660000e+01   2.7117251e-02
   4.2680000e+01   2.2457888e-02
   4.2700000e+01   1.6807411e-02
   4.2720000e+01   1.2478462e-02
   4.2740000e+01   7.7565265e-03
   4.2760000e+01   3.1627150e-03
   4.2780000e+01  -4.2351026e-04
   4.2800000e+01  -3.2596327e-03
   4.2820000e+01  -6.7572331e-03
   4.2840000e+01  -8.9763627e-03
   4.2860000e+01  -1.2014730e-02
   4.2880000e+01  -1.4570422e-02
   4.2900000e+01  -2.0727240e-02
   4.2920000e+01  -2.6104038e-02
   4.2940000e+01  -3.2265506e-02
   4.2960000e+01  -3.6894595e-02
   4.2980000e+01  -3.9860223e-02
   4.3000000e+01  -4.2457979e-02
   4.3020000e+01  -4.5729594e-02
   4.3040000e+01  -4.7880708e-02
   4.3060000e+01  -4.9938530e-02
   4.3080000e+01  -5.0661364e-02
   4.3100000e+01  -5.1491087e-02
   4.3120000e+01  -5.0922577e-02
   4.3140000e+01  -4.9265733e-02
   4.3160000e+01  -4.8220355e-02
   4.3180000e+01  -4.6438228e-02
   4.3200000e+01  -4.6679716e-02
   4.3220000e+01  -4.5807387e-02
   4.3240000e+01  -4.4951036e-02
   4.3260000e+01  -4.3805946e-02
   4.3280000e+01  -4.1313461e-02
   4.3300000e+01  -3.7296453e-02
   4.3320000e+01  -3.2474917e-02
   4.3340000e+01  -2.6363680e-02
   4.3360000e+01  -2.1846483e-02
   4.3380000e+01  -1.5823856e-02
   4.3400000e+01  -1.1828772e-02
   4.3420000e+01  -6.9776187e-03
   4.3440000e+01  -4.1618287e-03
   4.3460000e+01  -2.3212867e-03
   4.3480000e+01   1.9330155e-05
   4.3500000e+01   2.1971726e-03
   4.3520000e+01   5.4394458e-03
   4.3540000e+01   1.0710565e-02
   4.3560000e+01   1.4257531e-02
   4.3580000e+01   1.8784326e-02
   4.3600000e+01   2.1976697e-02
   4.3620000e+01   2.5549643e-02
   4.3640000e+01   2.5726634e-02
   4.3660000e+01   2.6392005e-02
   4.3680000e+01   2.4288093e-02
   4.3700000e+01   2.3524555e-02
   4.3720000e+01   2.1225862e-02
   4.3740000e+01   2.1505062e-02
   4.3760000e+01   2.0582696e-02
   4.3780000e+01   1.9771423e-02
   4.3800000e+01   1.7814848e-02
   4.3820000e+01   1.5911193e-02
   4.3840000e+01   1.3835115e-02
   4.3860000e+01   1.4221435e-02
   4.3880000e+01   1.3529831e-02
   4.3900000e+01   1.4231148e-02
   4.3920000e+01   1.1333339e-02
   4.3940000e+01   8.3737813e-03
   4.3960000e+01   3.7298981e-03
   4.3980000e+01  -7.3991797e-04
   4.4000000e+01  -6.5200779e-03
   4.4020000e+01  -7.9639876e-03
   4.4040000e+01  -9.7947943e-03
   4.4060000e+01  -1.0436714e-02
   4.4080000e+01  -1.0539822e-02
   4.4100000e+01  -9.7986328e-03
   4.4120000e+01  -8.6938598e-03
   4.4140000e+01  -1.1265167e-02
   4.4160000e+01  -1.2695888e-02
   4.4180000e+01  -1.4252209e-02
   4.4200000e+01  -1.2262843e-02
   4.4220000e+01  -1.1668724e-02
   4.4240000e+01  -1.0544062e-02
   4.4260000e+01  -1.0352146e-02
   4.4280000e+01  -1.5062482e-02
   4.4300000e+01  -1.9090251e-02
   4.4320000e+01  -2.4499687e-02
   4.4340000e+01  -2.9368329e-02
   4.4360000e+01  -3.2495267e-02
   4.4380000e+01  -3.4990659e-02
   4.4400000e+01  -3.3708959e-02
   4.4420000e+01  -3.2544867e-02
   4.4440000e+01  -2.7486508e-02
   4.4460000e+01  -2.3581407e-02
   4.4480000e+01  -1.7897932e-02
   4.4500000e+01  -1.3493630e-02
   4.4520000e+01  -1.0639396e-02
   4.4540000e+01  -1.0876679e-02
   4.4560000e+01  -1.0684561e-02
   4.4580000e+01  -1.2032867e-02
   4.4600000e+01  -1.4337786e-02
   4.4620000e+01  -1.5453628e-02
   4.4640000e+01  -1.5476605e-02
   4.4660000e+01  -1.6901263e-02
   4.4680000e+01  -2.0331633e-02
   4.4700000e+01  -2.2494779e-02
   4.4720000e+01  -2.3737468e-02
   4.4740000e+01  -2.2403221e-02
   4.4760000e+01  -2.1541618e-02
   4.4780000e+01  -2.0039100e-02
   4.4800000e+01  -2.0035119e-02
   4.4820000e+01  -2.0275058e-02
   4.4840000e+01  -2.3133614e-02
   4.4860000e+01  -2.6079782e-02
   4.4880000e+01  -2.9964535e-02
   4.4900000e+01  -3.3809552e-02
   4.4920000e+01  -3.4094547e-02
   4.4940000e+01  -3.4176114e-02
   4.4960000e+01  -3.3791098e-02
   4.4980000e+01  -3.4076930e-02
   4.5000000e+01  -3.8132555e-02
   4.5020000e+01  -4.1031949e-02
   4.5040000e+01  -4.5448654e-02
   4.5060000e+01  -4.8011403e-02
   4.5080000e+01  -5.1152848e-02
   4.5100000e+01  -5.3828389e-02
   4.5120000e+01  -5.7149488e-02
   4.5140000e+01  -6.0283489e-02
   4.5160000e+01  -6.4110100e-02
   4.5180000e+01  -6.6070515e-02
   4.5200000e+01  -6.8727639e-02
   4.5220000e+01  -7.1064747e-02
   4.5240000e+01  -7.2745637e-02
   4.5260000e+01  -7.1053750e-02
   4.5280000e+01  -6.9240397e-02
   4.5300000e+01  -6.6153636e-02
   4.5320000e+01  -6.2971245e-02
   4.5340000e+01  -6.0474930e-02
   4.5360000e+01  -5.8409847e-02
   4.5380000e+01  -5.5006031e-02
   4.5400000e+01  -5.1218448e-02
   4.5420000e+01  -4.6417233e-02
   4.5440000e+01  -4.3261528e-02
   4.5460000e+01  -4.0392853e-02
   4.5480000e+01  -3.6949122e-02
   4.5500000e+01  -3.6209335e-02
   4.5520000e+01  -3.7526648e-02
   4.5540000e+01  -3.7596041e-02
   4.5560000e+01  -3.8379978e-02
   4.5580000e+01  -3.6812427e-02
   4.5600000e+01  -3.3222024e-02
   4.5620000e+01  -2.8951066e-02
   4.5640000e+01  -2.5485909e-02
   4.5660000e+01  -2.2009236e-02
   4.5680000e+01  -1.7975365e-02
   4.5700000e+01  -1.3912745e-02
   4.5720000e+01  -8.4008679e-03
   4.5740000e+01  -3.8832492e-03
   4.5760000e+01   1.3758362e-03
   4.5780000e+01   5.6544817e-03
   4.5800000e+01   1.0487751e-02
   4.5820000e+01   1.4018858e-02
   4.5840000e+01   1.4995040e-02
   4.5860000e+01   1.5882065e-02
   4.5880000e+01   1.4722970e-02
   4.5900000e+01   1.6292057e-02
   4.5920000e+01   1.6707282e-02
   4.5940000e+01   1.7081431e-02
   4.5960000e+01   1.7526595e-02
   4.5980000e+01   1.8944430e-02
   4.6000000e+01   1.7904392e-02
   4.6020000e+01   1.7384268e-02
   4.6040000e+01   1.6579124e-02
   4.6060000e+01   1.4846560e-02
   4.6080000e+01   1.3584606e-02
   4.6100000e+01   1.3360085e-02
   4.6120000e+01   1.2987702e-02
   4.6140000e+01   1.3172486e-02
   4.6160000e+01   1.1565791e-02
   4.6180000e+01   1.0016576e-02
   4.6200000e+01   8.0256770e-03
   4.6220000e+01   6.4125809e-03
   4.6240000e+01   4.8374963e-03
   4.6260000e+01   3.3429926e-03
   4.6280000e+01   1.1543339e-03
   4.6300000e+01   9.5383130e-04
   4.6320000e+01   2.6212298e-03
   4.6340000e+01   4.0892544e-03
   4.6360000e+01   5.9064249e-03
   4.6380000e+01   6.8123061e-03
   4.6400000e+01   6.5522877e-03
   4.6420000e+01   4.6367775e-03
   4.6440000e+01   3.1502461e-03
   4.6460000e+01   1.1102179e-03
   4.6480000e+01  -3.0387940e-04
   4.6500000e+01  -2.3203770e-03
   4.6520000e+01  -3.8595849e-03
   4.6540000e+01  -5.2950440e-03
   4.6560000e+01  -6.0635030e-03
   4.6580000e+01  -7.0956035e-03
   4.6600000e+01  -6.6398136e-03
   4.6620000e+01  -5.9574934e-03
   4.6640000e+01  -2.0749907e-03
   4.6660000e+01   2.5516714e-03
   4.6680000e+01   7.0735859e-03
   4.6700000e+01   1.0787530e-02
   4.6720000e+01   1.2551150e-02
   4.6740000e+01   1.5060967e-02
   4.6760000e+01   1.7342969e-02
   4.6780000e+01   1.9421229e-02
   4.6800000e+01   1.9687906e-02
   4.6820000e+01   1.9758787e-02
   4.6840000e+01   1.9193357e-02
   4.6860000e+01   1.8283791e-02
   4.6880000e+01   1.8949641e-02
   4.6900000e+01   2.0409517e-02
   4.6920000e+01   2.2418782e-02
   4.6940000e+01   2.5419876e-02
   4.6960000e+01   2.8659018e-02
   4.6980000e+01   3.2560184e-02
   4.7000000e+01   3.6125200e-02
   4.7020000e+01   3.9720107e-02
   4.7040000e+01   4.3501003e-02
   4.7060000e+01   4.8387006e-02
   4.7080000e+01   5.2048925e-02
   4.7100000e+01   5.3450336e-02
   4.7120000e+01   5.4565586e-02
   4.7140000e+01   5.4662494e-02
   4.7160000e+01   5.6562665e-02
   4.7180000e+01   5.6976062e-02
   4.7200000e+01   5.7933623e-02
   4.7220000e+01   5.8219467e-02
   4.7240000e+01   5.4614696e-02
   4.7260000e+01   5.2236618e-02
   4.7280000e+01   4.9364891e-02
   4.7300000e+01   4.8514030e-02
   4.7320000e+01   4.6831921e-02
   4.7340000e+01   4.4812033e-02
   4.7360000e+01   4.2039846e-02
   4.7380000e+01   3.9646617e-02
   4.7400000e+01   3.7044816e-02
   4.7420000e+01   3.6068625e-02
   4.7440000e+01   3.3989335e-02
   4.7460000e+01   3.3004739e-02
   4.7480000e+01   3.0087565e-02
   4.7500000e+01   2.7801302e-02
   4.7520000e+01   2.4564870e-02
   4.7540000e+01   2.2024785e-02
   4.7560000e+01   1.9486677e-02
   4.7580000e+01   1.7107743e-02
   4.7600000e+01   1.4504159e-02
   4.7620000e+01   1.2355618e-02
   4.7640000e+01   1.0239002e-02
   4.7660000e+01   7.4919413e-03
   4.7680000e+01   2.2311984e-03
   4.7700000e+01  -2.4869442e-03
   4.7720000e+01  -8.1633645e-03
   4.7740000e+01  -1.1966482e-02
   4.7760000e+01  -1.4577858e-02
   4.7780000e+01  -1.7489700e-02
   4.7800000e+01  -1.8667835e-02
   4.7820000e+01  -1.7593202e-02
   4.7840000e+01  -1.5641313e-02
   4.7860000e+01  -1.2675794e-02
   4.7880000e+01  -8.1777742e-03
   4.7900000e+01  -3.4443644e-03
   4.7920000e+01   4.4332797e-03
   4.7940000e+01   1.1638143e-02
   4.7960000e+01   2.0483500e-02
   4.7980000e+01   2.5044230e-02
   4.8000000e+01   3.0908270e-02
   4.8020000e+01   3.5475101e-02
   4.8040000e+01   4.0742881e-02
   4.8060000e+01   4.1088413e-02
   4.8080000e+01   4.2491481e-02
   4.8100000e+01   4.2787135e-02
   4.8120000e+01   4.4169329e-02
   4.8140000e+01   4.7541303e-02
   4.8160000e+01   5.0440218e-02
   4.8180000e+01   5.2872379e-02
   4.8200000e+01   5.5166270e-02
   4.8220000e+01   5.5745913e-02
   4.8240000e+01   5.5892912e-02
   4.8260000e+01   5.6292571e-02
   4.8280000e+01   5.8693191e-02
   4.8300000e+01   6.0224894e-02
   4.8320000e+01   5.9587578e-02
   4.8340000e+01   5.7052781e-02
   4.8360000e+01   5.2971048e-02
   4.8380000e+01   4.9422963e-02
   4.8400000e+01   4.5541692e-02
   4.8420000e+01   4.2214699e-02
   4.8440000e+01   3.6678616e-02
   4.8460000e+01   3.0355118e-02
   4.8480000e+01   2.4460206e-02
   4.8500000e+01   1.7692800e-02
   4.8520000e+01   1.1762839e-02
   4.8540000e+01   5.2467841e-03
   4.8560000e+01  -8.3679768e-04
   4.8580000e+01  -6.4818461e-03
   4.8600000e+01  -1.1841574e-02
   4.8620000e+01  -1.6914339e-02
   4.8640000e+01  -2.1541544e-02
   4.8660000e+01  -2.5578886e-02
   4.8680000e+01  -2.8559906e-02
   4.8700000e+01  -3.0447498e-02
   4.8720000e+01  -3.1843578e-02
   4.8740000e+01  -3.1562553e-02
   4.8760000e+01  -2.9834752e-02
   4.8780000e+01  -2.7057633e-02
   4.8800000e+01  -2.0751728e-02
   4.8820000e+01  -1.5471024e-02
   4.8840000e+01  -1.0076950e-02
   4.8860000e+01  -5.5242668e-03
   4.8880000e+01  -8.2098966e-06
   4.8900000e+01   3.8890688e-03
   4.8920000e+01   7.4955335e-03
   4.8940000e+01   1.2551208e-02
   4.8960000e+01   1.8011155e-02
   4.8980000e+01   2.2841515e-02
   4.9000000e+01   2.5679747e-02
   4.9020000e+01   2.9446390e-02
   4.9040000e+01   3.3285680e-02
   4.9060000e+01   3.6762975e-02
   4.9080000e+01   3.9691670e-02
   4.9100000e+01   4.3449754e-02
   4.9120000e+01   4.6783161e-02
   4.9140000e+01   5.2978272e-02
   4.9160000e+01   5.7862018e-02
   4.9180000e+01   6.2951219e-02
   4.9200000e+01   6.6192590e-02
   4.9220000e+01   7.0991391e-02
   4.9240000e+01   7.6058602e-02
   4.9260000e+01   7.9063018e-02
   4.9280000e+01   7.9270015e-02
   4.9300000e+01   7.9441172e-02
   4.9320000e+01   7.8078089e-02
   4.9340000e+01   7.7614317e-02
   4.9360000e+01   7.5612361e-02
   4.9380000e+01   7.4538336e-02
   4.9400000e+01   7.0543146e-02
   4.9420000e+01   6.5246570e-02
   4.9440000e+01   5.9112584e-02
   4.9460000e+01   5.3206086e-02
   4.9480000e+01   4.9310134e-02
   4.9500000e+01   4.5965327e-02
   4.9520000e+01   3.9275302e-02
   4.9540000e+01   3.1063446e-02
   4.9560000e+01   2.3836658e-02
   4.9580000e+01   1.6737309e-02
   4.9600000e+01   9.4705278e-03
   4.9620000e+01   4.9187450e-03
   4.9640000e+01   2.8190462e-03
   4.9660000e+01  -4.0314232e-04
   4.9680000e+01  -2.2246608e-03
   4.9700000e+01  -8.0849244e-03
   4.9720000e+01  -1.3555651e-02
   4.9740000e+01  -2.1069773e-02
   4.9760000e+01  -2.6798672e-02
   4.9780000e+01  -2.9590824e-02
   4.9800000e+01  -3.5363231e-02
   4.9820000e+01  -4.1266463e-02
   4.9840000e+01  -4.7547525e-02
   4.9860000e+01  -5.3199396e-02
   4.9880000e+01  -5.9919404e-02
   4.9900000e+01  -6.5137589e-02
   4.9920000e+01  -6.9272011e-02
   4.9940000e+01  -7.3404481e-02
   4.9960000e+01  -7.6671677e-02
   4.9980000e+01  -7.8133572e-02
   5.0000000e+01  -8.0160414e-02
   5.0020000e+01  -8.0544271e-02
   5.0040000e+01  -8.0184393e-02
   5.0060000e+01  -8.1056838e-02
   5.0080000e+01  -8.0189752e-02
   5.0100000e+01  -7.7579440e-02
   5.0120000e+01  -7.4672363e-02
   5.0140000e+01  -7.0983090e-02
   5.0160000e+01  -6.9649744e-02
   5.0180000e+01  -6.9149351e-02
   5.0200000e+01  -7.0518068e-02
   5.0220000e+01  -7.3016828e-02
   5.0240000e+01  -7.4969262e-02
   5.0260000e+01  -7.7640448e-02
   5.0280000e+01  -8.1095963e-02
   5.0300000e+01  -8.3568130e-02
   5.0320000e+01  -8.4382792e-02
   5.0340000e+01  -8.4431400e-02
   5.0360000e+01  -8.2198996e-02
   5.0380000e+01  -7.8092723e-02
   5.0400000e+01  -7.1751218e-02
   5.0420000e+01  -6.3889551e-02
   5.0440000e+01  -5.4996538e-02
   5.0460000e+01  -4.6186426e-02
   5.0480000e+01  -4.0379187e-02
   5.0500000e+01  -3.5129683e-02
   5.0520000e+01  -3.3285363e-02
   5.0540000e+01  -2.9251555e-02
   5.0560000e+01  -2.6120034e-02
   5.0580000e+01  -1.6353195e-02
   5.0600000e+01  -1.4866968e-02
   5.0620000e+01  -2.0226698e-02
   5.0640000e+01  -2.1968242e-02
   5.0660000e+01  -2.5280022e-02
   5.0680000e+01  -1.9371819e-02
   5.0700000e+01  -1.8340693e-02
   5.0720000e+01  -1.2478456e-02
   5.0740000e+01  -4.0454468e-03
   5.0760000e+01   5.5494791e-03
   5.0780000e+01   1.5969046e-02
   5.0800000e+01   2.8691300e-02
   5.0820000e+01   3.1459088e-02
   5.0840000e+01   2.7327753e-02
   5.0860000e+01   3.4618649e-02
   5.0880000e+01   3.2016733e-02
   5.0900000e+01   3.0184685e-02
   5.0920000e+01   2.5866628e-02
   5.0940000e+01   2.1926539e-02
   5.0960000e+01   2.3300997e-02
   5.0980000e+01   2.4966534e-02
   5.1000000e+01   2.8313525e-02
   5.1020000e+01   3.0344586e-02
   5.1040000e+01   3.1104250e-02
   5.1060000e+01   2.5555551e-02
   5.1080000e+01   2.1222006e-02
   5.1100000e+01   2.8558742e-02
   5.1120000e+01   2.9090423e-02
   5.1140000e+01   3.8001334e-02
   5.1160000e+01   3.2706492e-02
   5.1180000e+01   1.9351503e-02
   5.1200000e+01   1.1770194e-02
   5.1220000e+01  -7.6174822e-04
   5.1240000e+01   6.5616578e-03
   5.1260000e+01   8.8570487e-03
   5.1280000e+01   1.5607004e-02
   5.1300000e+01   2.1991093e-02
   5.1320000e+01   2.4131961e-02
   5.1340000e+01   3.1126268e-02
   5.1360000e+01   2.8990822e-02
   5.1380000e+01   2.4818922e-02
   5.1400000e+01   2.1121148e-02
   5.1420000e+01   2.6802930e-02
   5.1440000e+01   3.0311839e-02
   5.1460000e+01   3.2371978e-02
   5.1480000e+01   3.6264778e-02
   5.1500000e+01   3.9532500e-02
   5.1520000e+01   4.3620041e-02
   5.1540000e+01   5.2499545e-02
   5.1560000e+01   5.6859764e-02
   5.1580000e+01   5.6282101e-02
   5.1600000e+01   5.6331288e-02
   5.1620000e+01   5.6596163e-02
   5.1640000e+01   6.1727885e-02
   5.1660000e+01   6.2419591e-02
   5.1680000e+01   6.6747157e-02
   5.1700000e+01   6.7800737e-02
   5.1720000e+01   6.7018242e-02
   5.1740000e+01   6.7765820e-02
   5.1760000e+01   6.8900141e-02
   5.1780000e+01   7.3425958e-02
   5.1800000e+01   7.5804651e-02
   5.1820000e+01   7.7787655e-02
   5.1840000e+01   7.6689582e-02
   5.1860000e+01   7.2337345e-02
   5.1880000e+01   6.6120367e-02
   5.1900000e+01   5.6109975e-02
   5.1920000e+01   4.5878916e-02
   5.1940000e+01   3.3047181e-02
   5.1960000e+01   2.2109830e-02
   5.1980000e+01   8.8427437e-03
   5.2000000e+01  -2.0490811e-03
   5.2020000e+01  -1.3023623e-02
   5.2040000e+01  -2.4548282e-02
   5.2060000e+01  -3.7340130e-02
   5.2080000e+01  -4.8932383e-02
   5.2100000e+01  -5.9561002e-02
   5.2120000e+01  -6.1702994e-02
   5.2140000e+01  -6.3371435e-02
   5.2160000e+01  -6.4364036e-02
   5.2180000e+01  -7.1501813e-02
   5.2200000e+01  -7.4884748e-02
   5.2220000e+01  -7.9648261e-02
   5.2240000e+01  -8.0444157e-02
   5.2260000e+01  -8.4820935e-02
   5.2280000e+01  -8.6414645e-02
   5.2300000e+01  -8.8260831e-02
   5.2320000e+01  -9.0974683e-02
   5.2340000e+01  -9.1873301e-02
   5.2360000e+01  -9.4155709e-02
   5.2380000e+01  -9.3673937e-02
   5.2400000e+01  -9.2743590e-02
   5.2420000e+01  -8.2791061e-02
   5.2440000e+01  -8.2502499e-02
   5.2460000e+01  -8.0868197e-02
   5.2480000e+01  -7.6787531e-02
   5.2500000e+01  -7.1691742e-02
   5.2520000e+01  -6.8257893e-02
   5.2540000e+01  -6.3111806e-02
   5.2560000e+01  -5.9164482e-02
   5.2580000e+01  -5.5123080e-02
   5.2600000e+01  -5.3244729e-02
   5.2620000e+01  -5.0275896e-02
   5.2640000e+01  -4.7686320e-02
   5.2660000e+01  -4.3544613e-02
   5.2680000e+01  -3.8816038e-02
   5.2700000e+01  -3.5528399e-02
   5.2720000e+01  -3.4336619e-02
   5.2740000e+01  -2.9607423e-02
   5.2760000e+01  -2.3969786e-02
   5.2780000e+01  -1.9274927e-02
   5.2800000e+01  -1.7675629e-02
   5.2820000e+01  -1.6007200e-02
   5.2840000e+01  -1.4477521e-02
   5.2860000e+01  -1.0712413e-02
   5.2880000e+01  -8.5764216e-03
   5.2900000e+01  -4.0566587e-03
   5.2920000e+01   9.7653083e-04
   5.2940000e+01   8.4637390e-03
   5.2960000e+01   1.7579435e-02
   5.2980000e+01   2.3167803e-02
   5.3000000e+01   2.6783517e-02
   5.3020000e+01   2.8186669e-02
   5.3040000e+01   3.0008326e-02
   5.3060000e+01   3.2132556e-02
   5.3080000e+01   3.3807364e-02
   5.3100000e+01   3.6160138e-02
   5.3120000e+01   3.8047445e-02
   5.3140000e+01   3.8392994e-02
   5.3160000e+01   3.7570277e-02
   5.3180000e+01   3.2747993e-02
   5.3200000e+01   3.3820853e-02
   5.3220000e+01   3.7096720e-02
   5.3240000e+01   3.5901783e-02
   5.3260000e+01   3.9681657e-02
   5.3280000e+01   4.1058288e-02
   5.3300000e+01   4.2745620e-02
   5.3320000e+01   4.3428445e-02
   5.3340000e+01   3.2303028e-02
   5.3360000e+01   2.1722872e-02
   5.3380000e+01   6.7103684e-03
   5.3400000e+01   1.2196940e-03
   5.3420000e+01  -3.4104918e-03
   5.3440000e+01  -8.6588597e-04
   5.3460000e+01   6.2186479e-03
